,TIMESTAMP,I_RIP_X,I_RIP_Y,S_RIP_X,S_RIP_Y,S_RIP_Z,I_RCP_X,I_RCP_Y,S_RCP_X,S_RCP_Y,S_RCP_Z,S_RCO_A,S_RCO_B,S_RCO_G,S_RC_STEER,S_RC_TLV_X,S_RC_TLV_Y,S_RC_TLV_Z,S_RC_TAV_X,S_RC_TAV_Y,S_RC_TAV_Z
0,0.03,4.07946979668,119.827634323,-4.9204781716,2.66417866817,0.5,7.82177404517,118.943909958,-4.84752877105,2.68140526398,0.0,0.321667736115,0.108733396061,-1.46597776669,0.0,0.00451831075438,0.0193011440776,0.0,0.0,0.0,-0.0313633420306
1,0.03,4.07946979668,119.827634323,-4.9204781716,2.66417866817,0.5,7.83173680116,118.945139235,-4.84733456528,2.68138130146,0.0,0.327117612267,0.108423081136,-1.46569817997,0.0,0.00442974780394,0.0189802685713,0.0,0.0,0.0,-0.0310990681087
2,0.04,4.07946979668,119.827634323,-4.9204781716,2.66417866817,0.5,7.841552892,118.946346009,-4.84714321848,2.6813577776,0.0,0.332565837201,0.108120990819,-1.46541902659,0.0,0.00436132783394,0.0186980274209,0.0,0.0,0.0,-0.0309586612189
3,0.05,4.07946979668,119.827634323,-4.9204781716,2.66417866817,0.5,7.85123809356,118.947536826,-4.84695442313,2.6813345648,0.0,0.338013001,0.107825581342,-1.46514118197,0.0,0.0043086855914,0.0184450523996,0.0,0.0,0.0,-0.0309162876422
4,0.06,4.07946979668,119.827634323,-4.9204781716,2.66417866817,0.5,7.86080429418,118.948716875,-4.84676794748,2.68131156189,0.0,0.343459517924,0.107535644681,-1.46486534347,0.0,0.00426839912479,0.0182140812656,0.0,0.0,0.0,-0.0309514483845
5,0.07,4.07946979668,119.827634323,-4.9204781716,2.66417866817,0.5,7.87026036956,118.949890287,-4.84658361853,2.68128868836,0.0,0.348905673144,0.107250237209,-1.46459206581,0.0,0.00423779346624,0.0179994902577,0.0,0.0,0.0,-0.0310478793813
6,0.07,4.07946979668,119.827634323,-4.9204781716,2.66417866817,0.5,7.98994059569,118.778751915,-4.84425067065,2.684624719,0.0,0.311876017503,0.0334109730877,-1.46915667962,0.0,0.0378566183537,0.0101388565901,0.0,0.0,0.0,-0.0901002006538
7,0.08,4.07946979668,119.827634323,-4.9204781716,2.66417866817,0.5,7.99906550164,118.797466474,-4.84407279724,2.68425991279,0.0,0.307155197332,0.0161081704733,-1.47002831042,0.0,0.0383360843765,0.013839969543,0.0,0.0,0.0,-0.0754752700065
8,0.1,4.07946979668,119.827634323,-4.9204781716,2.66417866817,0.5,8.00835432018,118.816474268,-4.84389172865,2.68388939049,0.0,0.302491008769,-0.00120534635712,-1.47082822072,0.0,0.0388763715803,0.0141436089098,0.0,0.0,0.0,-0.0765154501319
9,0.11,4.07946979668,119.827634323,-4.9204781716,2.66417866817,0.5,8.01782854352,118.835730659,-4.84370704594,2.68351402224,0.0,0.297882321858,-0.018530633438,-1.4715565528,0.0,0.0393347401773,0.0144957112851,0.0,0.0,0.0,-0.0773811649175
10,0.12,4.07946979668,119.827634323,-4.9204781716,2.66417866817,0.5,7.76770347113,118.176754614,-4.84858277834,2.69635955918,0.0,0.154279178181,0.278185429069,-1.47914552276,0.0,-0.0454406925624,-0.0466943539843,0.0,0.0,0.0,0.141908167097
11,0.13,4.07946979668,119.827634323,-4.9204781716,2.66417866817,0.5,7.75625171683,118.151074446,-4.84880600942,2.69686014724,0.0,0.13792559833,0.28582439098,-1.48289791191,0.0,-0.0517310463815,-0.0179193874934,0.0,0.0,0.0,0.0798643279473
12,0.15,4.07946979668,119.827634323,-4.9204781716,2.66417866817,0.5,7.74245338649,118.124964446,-4.84907498272,2.69736911411,0.0,0.12126622154,0.293484230365,-1.48666900807,0.0,-0.0528354862309,-0.0225745039509,0.0,0.0,0.0,0.0987306976467
13,0.15,4.07946979668,119.827634323,-4.9204781716,2.66417866817,0.5,7.72675994089,118.098467212,-4.84938089784,2.69788562939,0.0,0.104344414363,0.301162653819,-1.49048367949,0.0,-0.0537535672531,-0.0263643895498,0.0,0.0,0.0,0.114292218905
14,0.16,4.07946979668,119.827634323,-4.9204781716,2.66417866817,0.5,7.70955578901,118.071630004,-4.84971626142,2.69840877185,0.0,0.0871955363244,0.308856072219,-1.49436204023,0.0,-0.0544948176577,-0.0294204825321,0.0,0.0,0.0,0.127163655613
15,0.16,4.07946979668,119.827634323,-4.9204781716,2.66417866817,0.5,7.69116935285,118.044502161,-4.85007467148,2.6989375797,0.0,0.0698483257035,0.316560093497,-1.49832041456,0.0,-0.0550703105178,-0.0318520214175,0.0,0.0,0.0,0.137842203377
16,0.18,4.07946979668,119.827634323,-4.9204781716,2.66417866817,0.5,7.67188229738,118.017133375,-4.85045063748,2.69947108431,0.0,0.0523260449918,0.324269873951,-1.5023721059,0.0,-0.0554918013795,-0.0337498215367,0.0,0.0,0.0,0.146730255268
17,0.19,4.07946979668,119.827634323,-4.9204781716,2.66417866817,0.5,7.81996266874,118.005111524,-4.84756408053,2.69970542838,0.0,-0.033426580095,0.239419867834,-1.51446273548,0.0,0.202169329809,0.560575630017,0.0,0.0,0.0,-1.12199317435
18,0.2,4.07946979668,119.827634323,-4.9204781716,2.66417866817,0.5,8.10234325067,118.090750237,-4.84205958576,2.69803605776,0.0,-0.00498450362003,0.212672938332,-1.5180069265,0.0,0.199832529093,0.540216495207,0.0,0.0,0.0,-0.991986710482
19,0.21,4.07946979668,119.827634323,-4.9204781716,2.66417866817,0.5,8.38352477042,118.18032633,-4.83657846451,2.69628993509,0.0,0.0233143046228,0.185982276156,-1.52226375485,0.0,0.204705302767,0.537955542153,0.0,0.0,0.0,-0.986122202351
20,0.23,4.07946979668,119.827634323,-4.9204781716,2.66417866817,0.5,8.66315611859,118.273582246,-4.83112756104,2.69447208097,0.0,0.0515168232269,0.159360858282,-1.52722771476,0.0,0.208687435601,0.535235532806,0.0,0.0,0.0,-0.981038966829
21,0.24,4.07946979668,119.827634323,-4.9204781716,2.66417866817,0.5,8.64148405293,118.572094185,-4.83155001846,2.68865313479,0.0,0.030271355524,0.0998078856055,-1.5377449559,0.0,0.493322429972,0.0361300181429,0.0,0.0,0.0,-0.897956965017
22,0.25,4.07946979668,119.827634323,-4.9204781716,2.66417866817,0.5,8.67037225713,118.818681254,-4.83098689557,2.68384636933,0.0,0.0216089205717,0.0495537754071,-1.54721275083,0.0,0.483029813211,0.0407642233045,0.0,0.0,0.0,-0.882132735582
23,0.26,4.07946979668,119.827634323,-4.9204781716,2.66417866817,0.5,8.69311727704,119.065569565,-4.83054352286,2.67903373168,0.0,0.0131561316918,-0.000729007843108,-1.55622012357,0.0,0.481848662037,0.0333167181006,0.0,0.0,0.0,-0.88010308555
24,0.26,4.07946979668,119.827634323,-4.9204781716,2.66417866817,0.5,8.70995885793,119.311606796,-4.83021522694,2.67423768429,0.0,0.00487636571665,-0.0510355333182,-1.56480594737,0.0,0.478610190026,0.026145156234,0.0,0.0,0.0,-0.880022484098
25,0.27,4.07946979668,119.827634323,-4.9204781716,2.66417866817,0.5,8.72113074733,119.55564294,-4.82999745132,2.66948064444,0.0,-0.00326498962595,-0.101361104643,-1.57300331857,0.0,0.473299910021,0.019201913012,0.0,0.0,0.0,-0.881738543024
26,0.29,4.07946979668,119.827634323,-4.9204781716,2.66417866817,0.5,8.7268653421,119.796533209,-4.82988566585,2.66478492769,0.0,-0.0113008587027,-0.151701243671,-1.58084020518,0.0,0.465912043622,0.0124504160536,0.0,0.0,0.0,-0.885134805428
27,0.32,4.07946979668,119.827634323,-4.9204781716,2.66417866817,0.5,8.4704107705,119.865260236,-4.8348847803,2.66344521958,0.0,-0.0862752398493,-0.145206586046,-1.5803881137,0.0,0.241954811581,-0.304696603141,0.0,0.0,0.0,-0.877052325696
28,0.37,4.07946979668,119.827634323,-4.9204781716,2.66417866817,0.5,8.52745693089,119.84982747,-4.83377276938,2.66374605322,0.0,-0.0867992956729,-0.151240681468,-1.58563997656,0.0,-0.0318976542274,0.110740003618,0.0,0.0,0.0,-0.532824378705
29,0.38,4.07946979668,119.827634323,-4.9204781716,2.66417866817,0.5,8.56950905772,119.842893331,-4.83295303981,2.66388122163,0.0,-0.0868954414017,-0.157067120016,-1.59094438858,0.0,-0.0153414440981,0.081452683091,0.0,0.0,0.0,-0.531670129255
30,0.4,4.07946979668,119.827634323,-4.9204781716,2.66417866817,0.5,8.44976569348,119.805981832,-4.83528721845,2.66460074401,0.0,-0.116711887107,-0.147470978502,-1.59185735096,0.0,-0.0284718548994,-0.166318360278,0.0,0.0,0.0,-0.502554406014
31,0.41,4.07946979668,119.827634323,-4.9204781716,2.66417866817,0.5,8.40435477477,119.805579829,-4.83617242154,2.66460858033,0.0,-0.136238721417,-0.142323070942,-1.59530369767,0.0,0.000378872800729,-0.0879188828322,0.0,0.0,0.0,-0.626596328246
32,0.42,4.07946979668,119.827634323,-4.9204781716,2.66417866817,0.5,8.37805104964,119.803652396,-4.83668516472,2.66464615212,0.0,-0.153266001737,-0.136561414318,-1.59966762811,0.0,-0.00323447449946,-0.0507069482812,0.0,0.0,0.0,-0.673071008405
33,0.44,4.07946979668,119.827634323,-4.9204781716,2.66417866817,0.5,8.36502296775,119.798798785,-4.83693912344,2.66474076443,0.0,-0.167846084985,-0.129821787715,-1.60464864885,0.0,-0.00943938145546,-0.0250255300282,0.0,0.0,0.0,-0.691737724573
34,0.45,4.07946979668,119.827634323,-4.9204781716,2.66417866817,0.5,8.3590964938,119.792494199,-4.83705464924,2.66486366084,0.0,-0.180206523898,-0.122040350508,-1.61009212553,0.0,-0.012552345608,-0.011327763381,0.0,0.0,0.0,-0.699608583937
35,0.46,4.07946979668,119.827634323,-4.9204781716,2.66417866817,0.5,8.35521936946,119.786349779,-4.83713022672,2.66498343512,0.0,-0.190581989409,-0.113215918814,-1.6158857985,0.0,-0.0122432911464,-0.00736461677368,0.0,0.0,0.0,-0.701147543905
36,0.49,4.07946979668,119.827634323,-4.9204781716,2.66417866817,0.5,8.34986317592,119.781522236,-4.83723463595,2.66507753926,0.0,-0.199144049579,-0.103342690339,-1.62194448238,0.0,-0.00938629795797,-0.0101516080323,0.0,0.0,0.0,-0.698414937201
37,0.51,4.07946979668,119.827634323,-4.9204781716,2.66417866817,0.5,8.34074530536,119.778727845,-4.83741237222,2.66513201082,0.0,-0.2060096698,-0.092404545544,-1.6282009617,0.0,-0.00485339513745,-0.0172635466319,0.0,0.0,0.0,-0.692756668846
38,0.53,4.07946979668,119.827634323,-4.9204781716,2.66417866817,0.5,8.32652343828,119.778329017,-4.83768960159,2.66513978525,0.0,-0.211256574741,-0.0803774986409,-1.63459938802,0.0,0.000635625124629,-0.0268809286123,0.0,0.0,0.0,-0.685135861261
39,0.54,4.07946979668,119.827634323,-4.9204781716,2.66417866817,0.5,8.30656145746,119.780408256,-4.83807872403,2.66509925426,0.0,-0.214933831689,-0.0672313499738,-1.64109054919,0.0,0.00649234079669,-0.037649043139,0.0,0.0,0.0,-0.67625356684
40,0.55,4.07946979668,119.827634323,-4.9204781716,2.66417866817,0.5,8.28116758554,119.784937362,-4.83857373128,2.66501096761,0.0,-0.217080540068,-0.0529682297859,-1.64764702473,0.0,0.0123871155906,-0.0477419552557,0.0,0.0,0.0,-0.668564392068
41,0.57,4.07946979668,119.827634323,-4.9204781716,2.66417866817,0.5,8.25165508628,119.791477864,-4.83914902366,2.66488347244,0.0,-0.217672090732,-0.0375649838513,-1.65425030443,0.0,0.0173522036042,-0.055270697157,0.0,0.0,0.0,-0.663028188056
42,0.58,4.07946979668,119.827634323,-4.9204781716,2.66417866817,0.5,8.32767446843,119.857675367,-4.83766716436,2.66359307278,0.0,-0.201711143448,-0.0319600437061,-1.65869900224,0.0,0.115935256943,0.159789247028,0.0,0.0,0.0,-0.389178195544
43,0.6,4.07946979668,119.827634323,-4.9204781716,2.66417866817,0.5,8.4021558093,119.922493247,-4.83621528637,2.66232956633,0.0,-0.185922631136,-0.0262149729092,-1.66308657189,0.0,0.112799894188,0.156880062551,0.0,0.0,0.0,-0.392837955661
44,0.61,4.07946979668,119.827634323,-4.9204781716,2.66417866817,0.5,8.47752578667,119.987944118,-4.83474608603,2.66105372089,0.0,-0.170137199299,-0.0204355680191,-1.66739265487,0.0,0.113204124903,0.159167867534,0.0,0.0,0.0,-0.393791280714
45,0.62,4.07946979668,119.827634323,-4.9204781716,2.66417866817,0.5,8.55368360282,120.054053559,-4.83326152821,2.65976503784,0.0,-0.154357871333,-0.0146233416871,-1.67161759003,0.0,0.11367299704,0.161261810996,0.0,0.0,0.0,-0.394834453362
46,0.66,4.07946979668,119.827634323,-4.9204781716,2.66417866817,0.5,8.63054105615,120.120844779,-4.83176333224,2.65846306474,0.0,-0.138586778121,-0.0087797296949,-1.67576174372,0.0,0.114202181196,0.163186592626,0.0,0.0,0.0,-0.395961245537
47,0.66,4.07946979668,119.827634323,-4.9204781716,2.66417866817,0.5,8.78948233674,120.231822333,-4.82866506166,2.65629975958,0.0,-0.10606495199,-0.0124000748483,-1.67850173983,0.0,0.18264652038,0.332530330663,0.0,0.0,0.0,-0.239375628566
48,0.7,4.07946979668,119.827634323,-4.9204781716,2.66417866817,0.5,8.94387333008,120.340681984,-4.82565549064,2.65417773911,0.0,-0.0738562068095,-0.0158525483164,-1.68142537086,0.0,0.178458367551,0.32328175792,0.0,0.0,0.0,-0.246861663817
49,0.72,4.07946979668,119.827634323,-4.9204781716,2.66417866817,0.5,8.85461007928,120.305112817,-4.82739551502,2.65487109518,0.0,-0.0842037748686,0.0063584122516,-1.68190625073,0.0,-0.0497556674625,-0.180736010357,0.0,0.0,0.0,-0.0530842834587
50,0.75,4.07946979668,119.827634323,-4.9204781716,2.66417866817,0.5,8.77008225184,120.273884093,-4.82904323096,2.65547984225,0.0,-0.0942931888913,0.0283886769683,-1.68256764841,0.0,-0.0419112982321,-0.170325736378,0.0,0.0,0.0,-0.0486105507897
51,0.77,4.07946979668,119.827634323,-4.9204781716,2.66417866817,0.5,8.85493702255,120.406964523,-4.82738914186,2.65288568181,0.0,-0.0783223305298,0.0302513284375,-1.68238885797,0.0,0.239588606701,0.193742351853,0.0,0.0,0.0,-0.0288568005774
52,0.79,4.07946979668,119.827634323,-4.9204781716,2.66417866817,0.5,8.93636044051,120.537338305,-4.82580194073,2.65034428255,0.0,-0.0625611591083,0.0322258183721,-1.68224224721,0.0,0.234940799077,0.186150769898,0.0,0.0,0.0,-0.034567610093
53,0.8,4.07946979668,119.827634323,-4.9204781716,2.66417866817,0.5,9.01803965876,120.66775927,-4.82420975324,2.64780196355,0.0,-0.046791967957,0.0342001760775,-1.68207594234,0.0,0.23501380326,0.186582901571,0.0,0.0,0.0,-0.0357352050052
54,0.83,4.07946979668,119.827634323,-4.9204781716,2.66417866817,0.5,9.00507481601,120.708118161,-4.82446247922,2.64701524052,0.0,-0.0455634146058,0.0466229249198,-1.68284738199,0.0,0.08096196529,-0.01634513377,0.0,0.0,0.0,-0.0821825003728
55,0.84,4.07946979668,119.827634323,-4.9204781716,2.66417866817,0.5,8.99335408136,120.749593913,-4.82469095358,2.64620674634,0.0,-0.0442734009124,0.0590047668229,-1.68359570136,0.0,0.0829816525816,-0.0135196340871,0.0,0.0,0.0,-0.0816419648922
56,0.84,4.07946979668,119.827634323,-4.9204781716,2.66417866817,0.5,8.98174778082,120.791150309,-4.82491719725,2.64539668014,0.0,-0.0429883156894,0.0713875430095,-1.68432917888,0.0,0.0831394218319,-0.0132210612218,0.0,0.0,0.0,-0.0817202456745
57,0.85,4.07946979668,119.827634323,-4.9204781716,2.66417866817,0.5,9.08346204603,120.911390521,-4.82293446304,2.64305281635,0.0,-0.0215649771147,0.0726409921753,-1.68410342601,0.0,0.210797551153,0.22381491031,0.0,0.0,0.0,-0.131583781304
58,0.86,4.07946979668,119.827634323,-4.9204781716,2.66417866817,0.5,9.06781847771,120.943366279,-4.82323940589,2.64242950724,0.0,-0.0178412830876,0.0858057142586,-1.68589347843,0.0,0.0655170433912,-0.0229818234256,0.0,0.0,0.0,-0.208656754606
59,0.87,4.07946979668,119.827634323,-4.9204781716,2.66417866817,0.5,9.05684331713,120.981577304,-4.82345334664,2.64168465294,0.0,-0.0136933421314,0.0985866972413,-1.68770783243,0.0,0.0766841298385,-0.012351745475,0.0,0.0,0.0,-0.219634142548
60,0.88,4.07946979668,119.827634323,-4.9204781716,2.66417866817,0.5,9.059167329,121.028563927,-4.82340804427,2.64076873436,0.0,-0.00750095587328,0.110303196181,-1.68932056915,0.0,0.0906660427426,0.0155141881305,0.0,0.0,0.0,-0.225835748851
61,0.9,4.07946979668,119.827634323,-4.9204781716,2.66417866817,0.5,9.07453967442,121.082769716,-4.82310838841,2.6397120913,0.0,0.00122296392587,0.120785808168,-1.69059511395,0.0,0.101623049885,0.0425217225141,0.0,0.0,0.0,-0.228036516819
62,0.94,4.07946979668,119.827634323,-4.9204781716,2.66417866817,0.5,9.09886552891,121.141162665,-4.82263420022,2.6385738272,0.0,0.012366770799,0.130111062444,-1.69150823228,0.0,0.107630019429,0.0608739060391,0.0,0.0,0.0,-0.230751367607
63,0.95,4.07946979668,119.827634323,-4.9204781716,2.66417866817,0.5,9.09708435871,121.192364714,-4.82266892088,2.63757573657,0.0,0.0195896308876,0.141675180458,-1.69230646327,0.0,0.0997517060899,0.00873053509205,0.0,0.0,0.0,-0.177748518554
64,0.97,4.07946979668,119.827634323,-4.9204781716,2.66417866817,0.5,9.11646987491,121.258142314,-4.82229103558,2.63629352214,0.0,0.0305546389463,0.150824491126,-1.69240238581,0.0,0.122995238595,0.0530928463913,0.0,0.0,0.0,-0.169347411742
65,0.98,4.07946979668,119.827634323,-4.9204781716,2.66417866817,0.5,9.14174440368,121.327151979,-4.8217983547,2.6349483045,0.0,0.0436113587857,0.1585717403,-1.6921568394,0.0,0.127892695471,0.0651530635903,0.0,0.0,0.0,-0.176607395719
66,1.01,4.07946979668,119.827634323,-4.9204781716,2.66417866817,0.5,9.1660226323,121.395823827,-4.82132509489,2.63360967199,0.0,0.0566261552217,0.166344623291,-1.69184512988,0.0,0.127502742659,0.0630489998504,0.0,0.0,0.0,-0.179340762942
67,1.02,4.07946979668,119.827634323,-4.9204781716,2.66417866817,0.5,9.22278884774,121.478342087,-4.82021854098,2.63200112891,0.0,0.076405200667,0.170208443364,-1.6901207387,0.0,0.146897881839,0.128823490296,0.0,0.0,0.0,-0.158783399472
68,1.03,4.07946979668,119.827634323,-4.9204781716,2.66417866817,0.5,9.26435440358,121.549532905,-4.81940829623,2.63061339367,0.0,0.0961050375551,0.173934558191,-1.68851814087,0.0,0.128691732981,0.0964059662152,0.0,0.0,0.0,-0.177163399198
69,1.07,4.07946979668,119.827634323,-4.9204781716,2.66417866817,0.5,9.30642502947,121.62016471,-4.81858820605,2.62923655536,0.0,0.117503597802,0.176504323681,-1.68670110158,0.0,0.127697150191,0.0969413702654,0.0,0.0,0.0,-0.191346232727
70,1.08,4.07946979668,119.827634323,-4.9204781716,2.66417866817,0.5,9.32615982036,121.724545052,-4.81820351227,2.62720185084,0.0,0.081659278434,0.10358604667,-1.68922993865,0.0,0.0817247450331,0.0850045901575,0.0,0.0,0.0,-0.289078613186
71,1.11,4.07946979668,119.827634323,-4.9204781716,2.66417866817,0.5,9.35300771638,121.776187062,-4.81768016147,2.62619518397,0.0,0.0903254457386,0.0931350147989,-1.69091763221,0.0,0.0938922796725,0.063806647188,0.0,0.0,0.0,-0.25387468171
72,1.14,4.07946979668,119.827634323,-4.9204781716,2.66417866817,0.5,9.37967809928,121.828068815,-4.81716027097,2.62518384377,0.0,0.0989996075198,0.0826967182766,-1.6927061269,0.0,0.0942672043279,0.0636720123073,0.0,0.0,0.0,-0.255012563379
73,1.17,4.07946979668,119.827634323,-4.9204781716,2.66417866817,0.5,9.40613415877,121.880165654,-4.81664455831,2.62416831084,0.0,0.107682585347,0.0722716752415,-1.69459333564,0.0,0.0945975562652,0.0634713700567,0.0,0.0,0.0,-0.255934400954
74,1.19,4.07946979668,119.827634323,-4.9204781716,2.66417866817,0.5,9.43234466088,121.932454233,-4.81613363234,2.62314904029,0.0,0.116375448384,0.0618604528149,-1.69657763978,0.0,0.0948851412293,0.063215523811,0.0,0.0,0.0,-0.256687626558
75,1.22,4.07946979668,119.827634323,-4.9204781716,2.66417866817,0.5,9.41069737954,121.940579885,-4.81655560664,2.62299064552,0.0,0.101903385957,0.0704656656455,-1.69907657797,0.0,0.00485053941709,-0.062969898043,0.0,0.0,0.0,-0.153251687393
76,1.23,4.07946979668,119.827634323,-4.9204781716,2.66417866817,0.5,9.39882357586,121.884244991,-4.8167870648,2.6240887916,0.0,0.0670943649719,0.101229992177,-1.70668588201,0.0,-0.00471386582723,-0.0728796946845,0.0,0.0,0.0,-0.148548962235
77,1.26,4.07946979668,119.827634323,-4.9204781716,2.66417866817,0.5,9.36232325086,121.87636988,-4.81749857211,2.62424230253,0.0,0.0547511777409,0.107580516657,-1.70944994774,0.0,-0.00553122276925,-0.0725184265123,0.0,0.0,0.0,-0.147768970758
78,1.27,4.07946979668,119.827634323,-4.9204781716,2.66417866817,0.5,9.49566088816,121.993854364,-4.81489939789,2.62195215665,0.0,0.0704011699161,0.0956376627642,-1.70919733914,0.0,0.191256446661,0.289211766382,0.0,0.0,0.0,-0.133267830216
79,1.29,4.07946979668,119.827634323,-4.9204781716,2.66417866817,0.5,9.624931355,122.108905347,-4.81237950575,2.61970944744,0.0,0.085805428324,0.0837967746979,-1.70922571996,0.0,0.187529802506,0.280359696952,0.0,0.0,0.0,-0.140860624693
80,1.32,4.07946979668,119.827634323,-4.9204781716,2.66417866817,0.5,9.7542310895,122.224088046,-4.80985904309,2.61746417065,0.0,0.101211462429,0.0719655356335,-1.70943547943,0.0,0.187678001982,0.280439809862,0.0,0.0,0.0,-0.140843140781
81,1.34,4.07946979668,119.827634323,-4.9204781716,2.66417866817,0.5,9.77617814966,122.135909987,-4.80943122515,2.61918304119,0.0,0.0718670789036,0.106528300939,-1.71506100068,0.0,-0.026008277597,-0.0201057726704,0.0,0.0,0.0,0.0463839272721
82,1.35,4.07946979668,119.827634323,-4.9204781716,2.66417866817,0.5,9.76807799571,122.121132163,-4.80958912289,2.61947110794,0.0,0.0665007354158,0.110578313362,-1.71517961623,0.0,-0.0262108874508,-0.0197834653864,0.0,0.0,0.0,0.046277795555
83,1.37,4.07946979668,119.827634323,-4.9204781716,2.66417866817,0.5,9.76005929893,122.106429988,-4.80974543277,2.61975770003,0.0,0.0611379715686,0.114625694094,-1.71530865172,0.0,-0.0260831813259,-0.019606742357,0.0,0.0,0.0,0.0473549864678
84,1.4,4.07946979668,119.827634323,-4.9204781716,2.66417866817,0.5,9.75210446186,122.091792712,-4.80990049782,2.62004302707,0.0,0.0557775140356,0.118671025539,-1.7154493216,0.0,-0.0259711441112,-0.019467220447,0.0,0.0,0.0,0.0483204386832
85,1.41,4.07946979668,119.827634323,-4.9204781716,2.66417866817,0.5,9.74419982576,122.07721222,-4.81005458429,2.62032724717,0.0,0.0504183291108,0.122714746677,-1.71560260672,0.0,-0.025870753354,-0.0193565995689,0.0,0.0,0.0,0.0491964036591
86,1.43,4.07946979668,119.827634323,-4.9204781716,2.66417866817,0.5,9.47730237176,122.355400991,-4.81525726371,2.61490446412,0.0,-0.0879802129144,-0.0349606437874,-1.70828883718,0.0,0.00701228149057,-0.121515585403,0.0,0.0,0.0,0.085393345376
87,1.44,4.07946979668,119.827634323,-4.9204781716,2.66417866817,0.5,9.57716681465,122.500773789,-4.81331058841,2.61207068637,0.0,-0.0807031405811,-0.055800700125,-1.70828464043,0.0,0.254196056303,0.231021308445,0.0,0.0,0.0,0.0312166596627
88,1.46,4.07946979668,119.827634323,-4.9204781716,2.66417866817,0.5,9.68852780359,122.59123519,-4.8111398089,2.61030730625,0.0,-0.0693876030263,-0.0706249760904,-1.70559922056,0.0,0.145183096701,0.239311005862,0.0,0.0,0.0,0.340009843929
89,1.47,4.07946979668,119.827634323,-4.9204781716,2.66417866817,0.5,9.80442318715,122.676776649,-4.80888063963,2.6086398314,0.0,-0.0553296441068,-0.0836698684594,-1.70301372493,0.0,0.135018023368,0.246348285845,0.0,0.0,0.0,0.366949035206
90,1.48,4.07946979668,119.827634323,-4.9204781716,2.66417866817,0.5,9.91718859653,122.753254974,-4.8066824835,2.60714902585,0.0,-0.0384131991888,-0.0937682941795,-1.70017387282,0.0,0.118766828062,0.237662343471,0.0,0.0,0.0,0.433871943626
91,1.5,4.07946979668,119.827634323,-4.9204781716,2.66417866817,0.5,10.0269764326,122.830519163,-4.80454236974,2.60564290131,0.0,-0.0217034061163,-0.104004173184,-1.69751173366,0.0,0.121670562576,0.231646523167,0.0,0.0,0.0,0.431188233203
92,1.52,4.07946979668,119.827634323,-4.9204781716,2.66417866817,0.5,9.70585121298,122.56635306,-4.8108021206,2.61079233802,0.0,-0.0955413809154,-0.0526519688715,-1.69062130631,0.0,-0.117173824005,-0.211480511875,0.0,0.0,0.0,0.31133302758
93,1.54,4.07946979668,119.827634323,-4.9204781716,2.66417866817,0.5,9.61540989546,122.50411387,-4.81256510925,2.61200557758,0.0,-0.117161124853,-0.0368538942121,-1.68661625368,0.0,-0.0993480448502,-0.189248034261,0.0,0.0,0.0,0.303776320305
94,1.57,4.07946979668,119.827634323,-4.9204781716,2.66417866817,0.5,9.66717521627,122.60904505,-4.81155603867,2.60996013547,0.0,-0.115221460101,-0.0390078726778,-1.68581771756,0.0,0.19170901281,0.123922123962,0.0,0.0,0.0,0.0872739974356
95,1.58,4.07946979668,119.827634323,-4.9204781716,2.66417866817,0.5,9.71599371828,122.712986387,-4.81060441095,2.60793398856,0.0,-0.113458813574,-0.0411519427679,-1.68510634773,0.0,0.190427937519,0.117669239309,0.0,0.0,0.0,0.0781997721906
96,1.6,4.07946979668,119.827634323,-4.9204781716,2.66417866817,0.5,9.76447765264,122.81660181,-4.80965930502,2.60591419473,0.0,-0.1117247154,-0.0432897413712,-1.68439689497,0.0,0.18995405505,0.116813871299,0.0,0.0,0.0,0.0782646192001
97,1.61,4.07946979668,119.827634323,-4.9204781716,2.66417866817,0.5,9.8126983248,122.919953718,-4.8087193309,2.60389953766,0.0,-0.110013568342,-0.0454225983971,-1.68368985349,0.0,0.189583938668,0.116111539901,0.0,0.0,0.0,0.0782916628904
98,1.65,4.07946979668,119.827634323,-4.9204781716,2.66417866817,0.5,9.86071294959,123.023092171,-4.8077833733,2.60188904149,0.0,-0.108320866095,-0.0475515953458,-1.6829856192,0.0,0.189297075615,0.115532108695,0.0,0.0,0.0,0.0782894868619
99,1.67,4.07946979668,119.827634323,-4.9204781716,2.66417866817,0.5,9.90856741336,123.126057313,-4.80685053775,2.59988192372,0.0,-0.106642982448,-0.0496776094276,-1.68228450881,0.0,0.189076948115,0.115051312796,0.0,0.0,0.0,0.0782648014482
100,1.69,4.07946979668,119.827634323,-4.9204781716,2.66417866817,0.5,9.95629850303,123.228881316,-4.80592010715,2.59787755719,0.0,-0.104977000064,-0.0518013506001,-1.68158677545,0.0,0.188910230519,0.114649747875,0.0,0.0,0.0,0.0782228284016
101,1.7,4.07946979668,119.827634323,-4.9204781716,2.66417866817,0.5,10.0039357009,123.331589952,-4.80499150681,2.59587543954,0.0,-0.103320571971,-0.0539233923604,-1.68089262132,0.0,0.188786256386,0.114311801383,0.0,0.0,0.0,0.0781676181211
102,1.72,4.07946979668,119.827634323,-4.9204781716,2.66417866817,0.5,10.0177831789,123.426380173,-4.80472157546,2.59402767694,0.0,-0.102253544958,-0.0563839749762,-1.68082747125,0.0,0.180669946786,0.0471249624918,0.0,0.0,0.0,0.012465626038
103,1.75,4.07946979668,119.827634323,-4.9204781716,2.66417866817,0.5,10.0106892499,123.507260353,-4.80485985868,2.59245106524,0.0,-0.103269735262,-0.0575227911744,-1.6807584325,0.0,0.158223610951,0.00354597957378,0.0,0.0,0.0,0.00113604990988
104,1.78,4.07946979668,119.827634323,-4.9204781716,2.66417866817,0.5,10.0033020018,123.587103382,-4.80500385961,2.59089467091,0.0,-0.103956986067,-0.0587968279296,-1.68079321722,0.0,0.156278890584,0.00277422749892,0.0,0.0,0.0,-0.00747268849585
105,1.79,4.07946979668,119.827634323,-4.9204781716,2.66417866817,0.5,9.99339669889,123.665211256,-4.80519694544,2.58937210027,0.0,-0.104714719609,-0.059966788568,-1.68084864859,0.0,0.153453533744,-0.00247210795586,0.0,0.0,0.0,-0.0100402561378
106,1.82,4.07946979668,119.827634323,-4.9204781716,2.66417866817,0.5,9.99751094685,123.738011874,-4.80511674568,2.58795298492,0.0,-0.102094787138,-0.0603088039274,-1.68129716869,0.0,0.140157189291,0.0236464131268,0.0,0.0,0.0,-0.0291377734592
107,1.84,4.07946979668,119.827634323,-4.9204781716,2.66417866817,0.5,10.003601355,123.80872246,-4.80499802427,2.58657461091,0.0,-0.0970343276022,-0.0602766009013,-1.68203825549,0.0,0.135680518283,0.0271426879163,0.0,0.0,0.0,-0.0436294597573
108,1.85,4.07946979668,119.827634323,-4.9204781716,2.66417866817,0.5,10.0096047908,123.879564036,-4.80488099823,2.58519368352,0.0,-0.0895996983681,-0.0601801453203,-1.682922246,0.0,0.135944921283,0.0271409548179,0.0,0.0,0.0,-0.0436375551012
109,1.89,4.07946979668,119.827634323,-4.9204781716,2.66417866817,0.5,9.94981727727,123.907823148,-4.80604644684,2.58464282363,0.0,-0.0960143413602,-0.0513013433379,-1.68386534977,0.0,0.0677436461242,-0.109565136121,0.0,0.0,0.0,-0.130159848814
110,1.92,4.07946979668,119.827634323,-4.9204781716,2.66417866817,0.5,9.92957346601,123.964072451,-4.80644106304,2.58354634598,0.0,-0.0983736923334,-0.0446608065089,-1.68469376045,0.0,0.113407466355,-0.0266736982094,0.0,0.0,0.0,-0.0941520167002
111,1.93,4.07946979668,119.827634323,-4.9204781716,2.66417866817,0.5,9.9265920105,124.031626768,-4.80649918108,2.5822294977,0.0,-0.0986377410681,-0.0391544247999,-1.6854282883,0.0,0.131480791651,0.00933690682861,0.0,0.0,0.0,-0.0745550542243
112,1.94,4.07946979668,119.827634323,-4.9204781716,2.66417866817,0.5,9.94054185152,124.109858086,-4.80622725436,2.58070452075,0.0,-0.0961889421029,-0.035194434193,-1.68601230799,0.0,0.148366512392,0.044595390967,0.0,0.0,0.0,-0.0492705962019
113,1.97,4.07946979668,119.827634323,-4.9204781716,2.66417866817,0.5,9.96294697541,124.194566179,-4.8057905073,2.57905329085,0.0,-0.0913810045715,-0.0327430156459,-1.68660853108,0.0,0.158988424227,0.0625234564427,0.0,0.0,0.0,-0.0432667408983
114,1.99,4.07946979668,119.827634323,-4.9204781716,2.66417866817,0.5,9.98901280154,124.282309242,-4.80528240153,2.57734289976,0.0,-0.0844656178059,-0.0316763865801,-1.68725451139,0.0,0.164008566949,0.0704140655264,0.0,0.0,0.0,-0.0422998432652
115,2.0,4.07946979668,119.827634323,-4.9204781716,2.66417866817,0.5,10.0159913133,124.371238062,-4.80475650461,2.57560939449,0.0,-0.0755662675095,-0.0319404929135,-1.68798794254,0.0,0.166062065097,0.0725837271243,0.0,0.0,0.0,-0.045012051238
116,2.01,4.07946979668,119.827634323,-4.9204781716,2.66417866817,0.5,9.99834500233,124.425286594,-4.80510048728,2.57455581688,0.0,-0.075569209068,-0.0258050446547,-1.6884737782,0.0,0.108607767938,-0.0217651588647,0.0,0.0,0.0,-0.0485334020318
117,2.03,4.07946979668,119.827634323,-4.9204781716,2.66417866817,0.5,9.99783898677,124.497416743,-4.80511035113,2.57314977108,0.0,-0.0730085455943,-0.0214979042084,-1.68893335213,0.0,0.13974031199,0.0156309196379,0.0,0.0,0.0,-0.039876894434
118,2.05,4.07946979668,119.827634323,-4.9204781716,2.66417866817,0.5,10.0033320521,124.574802114,-4.80500327384,2.57164128433,0.0,-0.0686932084629,-0.0183395974372,-1.68943071981,0.0,0.148534013125,0.028533769197,0.0,0.0,0.0,-0.0411194098227
119,2.07,4.07946979668,119.827634323,-4.9204781716,2.66417866817,0.5,10.0150134068,124.656717049,-4.80477556712,2.57004450197,0.0,-0.0622808260914,-0.0164980973305,-1.68993008752,0.0,0.155864095612,0.0416467613992,0.0,0.0,0.0,-0.0387401035027
120,2.08,4.07946979668,119.827634323,-4.9204781716,2.66417866817,0.5,10.0312110552,124.741754529,-4.80445982349,2.56838685129,0.0,-0.053731158596,-0.015996176121,-1.69044212881,0.0,0.160847406846,0.051204110222,0.0,0.0,0.0,-0.0372844114872
121,2.1,4.07946979668,119.827634323,-4.9204781716,2.66417866817,0.5,10.0463425545,124.8261868,-4.80416486249,2.56674099805,0.0,-0.0452403908179,-0.0154719449772,-1.69097272433,0.0,0.159889619406,0.0490488964593,0.0,0.0,0.0,-0.0397005981711
122,2.13,4.07946979668,119.827634323,-4.9204781716,2.66417866817,0.5,9.93132955922,124.825328157,-4.8064068312,2.56675773574,0.0,-0.0678244426155,0.00627816326706,-1.69045781997,0.0,0.0252090585469,-0.222906447187,0.0,0.0,0.0,0.0411749024526
123,2.16,4.07946979668,119.827634323,-4.9204781716,2.66417866817,0.5,9.99978534032,124.98164164,-4.80507241052,2.56371068927,0.0,-0.0631556104102,0.00855209493977,-1.6889609159,0.0,0.28697186766,0.168703005175,0.0,0.0,0.0,0.146315647062
124,2.18,4.07946979668,119.827634323,-4.9204781716,2.66417866817,0.5,10.0646617845,125.134690727,-4.80380776249,2.56072727628,0.0,-0.0586916146731,0.0109569244827,-1.68747318603,0.0,0.281529176751,0.160315998508,0.0,0.0,0.0,0.144418661482
125,2.22,4.07946979668,119.827634323,-4.9204781716,2.66417866817,0.5,10.1295319204,125.287641001,-4.80254323742,2.55774578945,0.0,-0.0542250160813,0.0133603360559,-1.68597445071,0.0,0.281579771653,0.159858379794,0.0,0.0,0.0,0.144442906186
126,2.25,4.07946979668,119.827634323,-4.9204781716,2.66417866817,0.5,10.194393088,125.440492592,-4.80127888717,2.55476622627,0.0,-0.0497557098477,0.015762172849,-1.68446561479,0.0,0.281632104227,0.159393005364,0.0,0.0,0.0,0.144375961259
127,2.28,4.07946979668,119.827634323,-4.9204781716,2.66417866817,0.5,10.2592430803,125.593245891,-4.80001475477,2.55178857912,0.0,-0.0452835879098,0.0181622918291,-1.6829473865,0.0,0.281686444416,0.158921014376,0.0,0.0,0.0,0.144237482483
128,2.29,4.07946979668,119.827634323,-4.9204781716,2.66417866817,0.5,10.3240800239,125.745901461,-4.79875087673,2.54881283701,0.0,-0.0408085433342,0.0205605638479,-1.68142031893,0.0,0.281742923801,0.158443244622,0.0,0.0,0.0,0.144042977054
129,2.32,4.07946979668,119.827634323,-4.9204781716,2.66417866817,0.5,10.3889022876,125.898459981,-4.79748728484,2.54583898672,0.0,-0.0363304731343,0.0229568729505,-1.67988484276,0.0,0.281801607839,0.157960276943,0.0,0.0,0.0,0.143804680401
130,2.34,4.07946979668,119.827634323,-4.9204781716,2.66417866817,0.5,10.3518050342,126.040773428,-4.79821042818,2.54306484545,0.0,-0.0444055511004,0.0208097078618,-1.68238636293,0.0,0.28362871779,-0.0411132959278,0.0,0.0,0.0,-0.232544885936
131,2.37,4.07946979668,119.827634323,-4.9204781716,2.66417866817,0.5,10.3024906425,126.172230336,-4.79917172237,2.54050233263,0.0,-0.0558500740688,0.0172933202408,-1.68583016996,0.0,0.265278459472,-0.0661773485806,0.0,0.0,0.0,-0.322603608941
132,2.39,4.07946979668,119.827634323,-4.9204781716,2.66417866817,0.5,10.379352382,126.323309468,-4.79767344285,2.53755732031,0.0,-0.0461758497689,0.00467782386694,-1.68452455367,0.0,0.275652284649,0.182590416183,0.0,0.0,0.0,0.120095611582
133,2.41,4.07946979668,119.827634323,-4.9204781716,2.66417866817,0.5,10.3549259778,126.404892692,-4.79814959108,2.53596700406,0.0,-0.0543244687523,0.00219170268435,-1.68386677003,0.0,0.163429617926,-0.0293388773896,0.0,0.0,0.0,0.0686692368023
134,2.45,4.07946979668,119.827634323,-4.9204781716,2.66417866817,0.5,10.3365658603,126.492120448,-4.7985074881,2.53426665793,0.0,-0.0610138646052,-0.00121476018522,-1.68328513255,0.0,0.17300736503,-0.016419875879,0.0,0.0,0.0,0.0584998155169
135,2.47,4.07946979668,119.827634323,-4.9204781716,2.66417866817,0.5,10.3240577303,126.58380487,-4.7987513113,2.53247943723,0.0,-0.0658953533065,-0.00571029306869,-1.6826855627,0.0,0.180348787427,-0.00421459839851,0.0,0.0,0.0,0.058279695771
136,2.5,4.07946979668,119.827634323,-4.9204781716,2.66417866817,0.5,10.3182438102,126.680044237,-4.79886464308,2.53060342617,0.0,-0.0685805499298,-0.0115062215776,-1.68205132455,0.0,0.187714425588,0.00963044064296,0.0,0.0,0.0,0.0611288467942
137,2.51,4.07946979668,119.827634323,-4.9204781716,2.66417866817,0.5,10.3169190318,126.77947967,-4.79889046722,2.52866511365,0.0,-0.0691035507652,-0.0186176725756,-1.681425722,0.0,0.192938511775,0.0189027127461,0.0,0.0,0.0,0.0617904879125
138,2.53,4.07946979668,119.827634323,-4.9204781716,2.66417866817,0.5,10.3180113623,126.881000157,-4.79886917422,2.52668615678,0.0,-0.0675530659693,-0.027033309585,-1.68086625486,0.0,0.196463398619,0.023928730375,0.0,0.0,0.0,0.0595042786097
139,2.54,4.07946979668,119.827634323,-4.9204781716,2.66417866817,0.5,10.3202292569,126.984024494,-4.79882594041,2.52467788511,0.0,-0.0639855521246,-0.0367525999269,-1.68043133567,0.0,0.199138706854,0.0263469004114,0.0,0.0,0.0,0.0548873737154
140,2.57,4.07946979668,119.827634323,-4.9204781716,2.66417866817,0.5,10.2796034411,127.053619679,-4.79961786664,2.52332125382,0.0,-0.0703858825683,-0.038511695985,-1.67995733464,0.0,0.14347610031,-0.0639147532733,0.0,0.0,0.0,0.0234256121569
141,2.59,4.07946979668,119.827634323,-4.9204781716,2.66417866817,0.5,10.2542707145,127.13261678,-4.80011168198,2.52178134932,0.0,-0.0742412519769,-0.0417215403784,-1.67941107645,0.0,0.158438392563,-0.0323368002242,0.0,0.0,0.0,0.0392362182064
142,2.61,4.07946979668,119.827634323,-4.9204781716,2.66417866817,0.5,10.2383845317,127.218753136,-4.80042135416,2.52010227805,0.0,-0.0759878455821,-0.0463023680135,-1.67885653824,0.0,0.17026949742,-0.0126279532169,0.0,0.0,0.0,0.0478020264019
143,2.65,4.07946979668,119.827634323,-4.9204781716,2.66417866817,0.5,10.2208607945,127.298346207,-4.80076294748,2.51855075621,0.0,-0.0782534838509,-0.0500098939133,-1.67867489871,0.0,0.157916138813,-0.0172353191065,0.0,0.0,0.0,0.00730970349755
144,2.65,4.07946979668,119.827634323,-4.9204781716,2.66417866817,0.5,10.2041417778,127.377163215,-4.80108885423,2.51701436228,0.0,-0.0805975246321,-0.0533003878713,-1.67864925834,0.0,0.156242001423,-0.0158365496083,0.0,0.0,0.0,-0.00953254680378
145,2.67,4.07946979668,119.827634323,-4.9204781716,2.66417866817,0.5,10.1769069054,127.44800833,-4.80161974843,2.51563336589,0.0,-0.0853337318544,-0.0549214143267,-1.67856264977,0.0,0.142981514581,-0.0379371548271,0.0,0.0,0.0,-0.0169501138297
146,2.69,4.07946979668,119.827634323,-4.9204781716,2.66417866817,0.5,10.1438249356,127.51464363,-4.80226462114,2.51433443217,0.0,-0.0921006128549,-0.055104939464,-1.67843001148,0.0,0.136047176619,-0.0501416801984,0.0,0.0,0.0,-0.0239421460976
147,2.71,4.07946979668,119.827634323,-4.9204781716,2.66417866817,0.5,10.1741260169,127.590225258,-4.80167395679,2.51286110609,0.0,-0.0835173054319,-0.0550291753124,-1.67809211896,0.0,0.140127945716,0.074634173717,0.0,0.0,0.0,0.0812542082779
148,2.73,4.07946979668,119.827634323,-4.9204781716,2.66417866817,0.5,10.1910224778,127.664427523,-4.80134459108,2.51141466816,0.0,-0.0761126537627,-0.0541453767646,-1.67779009788,0.0,0.140248036473,0.0482584021309,0.0,0.0,0.0,0.0707192321885
149,2.75,4.07946979668,119.827634323,-4.9204781716,2.66417866817,0.5,10.2026082477,127.734949493,-4.80111874761,2.51003997089,0.0,-0.0698506682768,-0.0524867715556,-1.67749914544,0.0,0.13422771226,0.0370951816931,0.0,0.0,0.0,0.0624705749822
150,2.77,4.07946979668,119.827634323,-4.9204781716,2.66417866817,0.5,10.2074338351,127.800062244,-4.80102468158,2.50877071648,0.0,-0.0650325047846,-0.0498103085913,-1.67715418825,0.0,0.125166440659,0.0228186708192,0.0,0.0,0.0,0.0591316678323
151,2.8,4.07946979668,119.827634323,-4.9204781716,2.66417866817,0.5,10.2021719548,127.857878435,-4.80112725234,2.50764369521,0.0,-0.0624800275662,-0.0455637685292,-1.67670266419,0.0,0.113116103534,0.00167660029727,0.0,0.0,0.0,0.0573241675508
152,2.81,4.07946979668,119.827634323,-4.9204781716,2.66417866817,0.5,10.1855957492,127.908356304,-4.80145037526,2.50665972117,0.0,-0.0626062396254,-0.0395481658745,-1.67612386382,0.0,0.10121770165,-0.0218534883822,0.0,0.0,0.0,0.0573468945802
153,2.83,4.07946979668,119.827634323,-4.9204781716,2.66417866817,0.5,10.170019766,127.959564079,-4.80175400066,2.50566151893,0.0,-0.0626643667215,-0.033565874273,-1.67555024604,0.0,0.10243673698,-0.0197885526469,0.0,0.0,0.0,0.0571493307038
154,2.86,4.07946979668,119.827634323,-4.9204781716,2.66417866817,0.5,10.1665683239,128.032978536,-4.80182128024,2.5042304379,0.0,-0.0618516823299,-0.0292714620065,-1.67533174822,0.0,0.143041783625,0.00825312598305,0.0,0.0,0.0,0.0244562157349
155,2.88,4.07946979668,119.827634323,-4.9204781716,2.66417866817,0.5,10.1808891488,128.1256943,-4.80154212186,2.50242311307,0.0,-0.0574776854576,-0.0278819158649,-1.67531747972,0.0,0.176856313933,0.0466753032583,0.0,0.0,0.0,0.0139404674874
156,2.89,4.07946979668,119.827634323,-4.9204781716,2.66417866817,0.5,10.1942063945,128.219083407,-4.80128252642,2.50060266263,0.0,-0.0518290179589,-0.0276130559136,-1.67541550697,0.0,0.178354099499,0.0448718500228,0.0,0.0,0.0,0.00587878987579
157,2.91,4.07946979668,119.827634323,-4.9204781716,2.66417866817,0.5,10.1281015319,128.255552205,-4.80257112024,2.49989176988,0.0,-0.0587239761511,-0.0191053224073,-1.67492521733,0.0,0.0840692620195,-0.120921031708,0.0,0.0,0.0,0.0329894064657
158,2.92,4.07946979668,119.827634323,-4.9204781716,2.66417866817,0.5,10.1514117632,128.353455391,-4.80211672976,2.49798332572,0.0,-0.0527535467899,-0.0191886227791,-1.67496900396,0.0,0.185142591329,0.0651439783358,0.0,0.0,0.0,0.00711258969466
159,2.94,4.07946979668,119.827634323,-4.9204781716,2.66417866817,0.5,10.157295685,128.433023452,-4.80200203343,2.49643229138,0.0,-0.049096175707,-0.0174629700885,-1.67519649914,0.0,0.153056281184,0.0275595312866,0.0,0.0,0.0,-0.0160364075892
160,2.95,4.07946979668,119.827634323,-4.9204781716,2.66417866817,0.5,10.1013805516,128.539334219,-4.80309199705,2.49435995674,0.0,-0.0538968084802,-0.0211568945563,-1.67560097938,0.0,0.217522672547,-0.0868110800663,0.0,0.0,0.0,-0.0497292670198
161,2.98,4.07946979668,119.827634323,-4.9204781716,2.66417866817,0.5,10.0468683135,128.644814163,-4.80415461377,2.49230381748,0.0,-0.0586337892607,-0.024811921477,-1.67598128718,0.0,0.215602448724,-0.084087752572,0.0,0.0,0.0,-0.0489175307723
162,3.0,4.07946979668,119.827634323,-4.9204781716,2.66417866817,0.5,10.0406039507,128.763250652,-4.80427672611,2.48999511399,0.0,-0.0570173087018,-0.0313634351065,-1.67492478887,0.0,0.230910650498,0.0119774652752,0.0,0.0,0.0,0.110212016164
163,3.03,4.07946979668,119.827634323,-4.9204781716,2.66417866817,0.5,10.0719372199,128.906243097,-4.80366594113,2.4872077369,0.0,-0.0478674748716,-0.0420701077561,-1.67398014531,0.0,0.270917382829,0.0896644440519,0.0,0.0,0.0,0.128035957065
164,3.04,4.07946979668,119.827634323,-4.9204781716,2.66417866817,0.5,10.003758452,128.977512629,-4.80499496195,2.48581846727,0.0,-0.0552563157136,-0.0407077811596,-1.67231813291,0.0,0.151782781392,-0.118249853009,0.0,0.0,0.0,0.135810768143
165,3.06,4.07946979668,119.827634323,-4.9204781716,2.66417866817,0.5,9.95938419857,129.062447617,-4.80585995714,2.48416281448,0.0,-0.0602699068548,-0.0404341474469,-1.67064475402,0.0,0.173435033232,-0.0695443485183,0.0,0.0,0.0,0.146999584507
166,3.1,4.07946979668,119.827634323,-4.9204781716,2.66417866817,0.5,9.93139540493,129.157194746,-4.80640554766,2.4823158919,0.0,-0.0630696840211,-0.0412852679265,-1.66889114363,0.0,0.189195944617,-0.0361742242123,0.0,0.0,0.0,0.16392091858
167,3.12,4.07946979668,119.827634323,-4.9204781716,2.66417866817,0.5,9.91731779029,129.26094381,-4.8066799651,2.48029349298,0.0,-0.0633856307383,-0.0434949785823,-1.66713903944,0.0,0.203958228704,-0.00780260400283,0.0,0.0,0.0,0.173866730707
168,3.16,4.07946979668,119.827634323,-4.9204781716,2.66417866817,0.5,9.90279419144,129.364338583,-4.80696307619,2.47827800033,0.0,-0.0637288090423,-0.0456888698124,-1.66538069246,0.0,0.203323968677,-0.00911400274261,0.0,0.0,0.0,0.174304950052
169,3.18,4.07946979668,119.827634323,-4.9204781716,2.66417866817,0.5,9.92713105939,129.461993133,-4.80648867331,2.47637440286,0.0,-0.0558478313099,-0.0469213828413,-1.66425136119,0.0,0.184978042839,0.0650838399433,0.0,0.0,0.0,0.149400634145
170,3.19,4.07946979668,119.827634323,-4.9204781716,2.66417866817,0.5,9.90761894875,129.526545539,-4.80686902634,2.47511607137,0.0,-0.0562012499542,-0.0420989107643,-1.66438333036,0.0,0.12877633453,-0.0261489030728,0.0,0.0,0.0,-0.0149055608921
171,3.23,4.07946979668,119.827634323,-4.9204781716,2.66417866817,0.5,9.90498711249,129.600546239,-4.80692032919,2.4736735626,0.0,-0.0543070831021,-0.0383453055481,-1.66479514597,0.0,0.144098082278,0.00845932809802,0.0,0.0,0.0,-0.0335734306559
172,3.25,4.07946979668,119.827634323,-4.9204781716,2.66417866817,0.5,9.91183627568,129.680527119,-4.80678681724,2.47211448111,0.0,-0.0503661004446,-0.0357192517146,-1.66522962262,0.0,0.153970119755,0.028031194504,0.0,0.0,0.0,-0.0288560407591
173,3.28,4.07946979668,119.827634323,-4.9204781716,2.66417866817,0.5,9.89126726474,129.768725814,-4.80718777262,2.47039520831,0.0,-0.0515078260489,-0.0371997244304,-1.66544259658,0.0,0.175065012344,-0.0238207885662,0.0,0.0,0.0,-0.0260458565647
174,3.29,4.07946979668,119.827634323,-4.9204781716,2.66417866817,0.5,9.87526461746,129.842213631,-4.80749971506,2.46896269725,0.0,-0.0530815390708,-0.0370448305215,-1.66548814384,0.0,0.145546784467,-0.0175122845863,0.0,0.0,0.0,-0.0103693553107
175,3.3,4.07946979668,119.827634323,-4.9204781716,2.66417866817,0.5,9.86939575282,129.918576216,-4.80761411788,2.46747414784,0.0,-0.053401093711,-0.0372186443366,-1.66557957314,0.0,0.149268797624,0.00270120019845,0.0,0.0,0.0,-0.0102945856698
176,3.32,4.07946979668,119.827634323,-4.9204781716,2.66417866817,0.5,9.86473689196,129.994586678,-4.80770493388,2.46599246242,0.0,-0.0533796737448,-0.0373304404458,-1.66568811558,0.0,0.148358182641,0.00500332502738,0.0,0.0,0.0,-0.0107514138238
177,3.34,4.07946979668,119.827634323,-4.9204781716,2.66417866817,0.5,9.85941857802,130.069959403,-4.80780860472,2.46452320852,0.0,-0.0532608011177,-0.03727443462,-1.66579932569,0.0,0.147240918837,0.00362115363194,0.0,0.0,0.0,-0.010652692695
178,3.38,4.07946979668,119.827634323,-4.9204781716,2.66417866817,0.5,9.85357566294,130.145066281,-4.8079225017,2.46305913681,0.0,-0.0530529630837,-0.0370615804851,-1.66591526812,0.0,0.146821695524,0.00257090460605,0.0,0.0,0.0,-0.0107970602009
179,3.41,4.07946979668,119.827634323,-4.9204781716,2.66417866817,0.5,9.85976172225,130.22910348,-4.80780191575,2.4614209848,0.0,-0.0504922988595,-0.0382613719481,-1.66609968104,0.0,0.161937959787,0.0276176672227,0.0,0.0,0.0,-0.00878471508516
180,3.43,4.07946979668,119.827634323,-4.9204781716,2.66417866817,0.5,9.83829580581,130.328035184,-4.80822035466,2.45949249155,0.0,-0.0513428666165,-0.044218353085,-1.66554975021,0.0,0.195971347069,-0.0234093433814,0.0,0.0,0.0,0.0515525155715
181,3.46,4.07946979668,119.827634323,-4.9204781716,2.66417866817,0.5,9.8215777266,130.42530311,-4.80854624315,2.45759643061,0.0,-0.0516543756043,-0.0519218818709,-1.66491862426,0.0,0.191824072531,-0.0145794624031,0.0,0.0,0.0,0.0616345612219
182,3.47,4.07946979668,119.827634323,-4.9204781716,2.66417866817,0.5,9.85778152793,130.496386373,-4.80784051602,2.45621079196,0.0,-0.0419462105935,-0.0546200086029,-1.66482182905,0.0,0.131264153624,0.0833585608987,0.0,0.0,0.0,0.0613264982296
183,3.5,4.07946979668,119.827634323,-4.9204781716,2.66417866817,0.5,9.85696815384,130.583183562,-4.80785637127,2.45451883895,0.0,-0.0362299083318,-0.059762303667,-1.66490251264,0.0,0.168601359239,0.0142948988821,0.0,0.0,0.0,0.0245994217566
184,3.53,4.07946979668,119.827634323,-4.9204781716,2.66417866817,0.5,9.84271125556,130.676077497,-4.80813428352,2.452708041,0.0,-0.0324221541243,-0.0661589960084,-1.66501028356,0.0,0.182885140612,-0.0106558711189,0.0,0.0,0.0,0.0131757668
185,3.54,4.07946979668,119.827634323,-4.9204781716,2.66417866817,0.5,9.68195698168,130.677985347,-4.81126789509,2.45267085093,0.0,-0.0530854166956,-0.0570925196571,-1.66285210049,0.0,0.0325686027685,-0.311985984037,0.0,0.0,0.0,0.0886728575394
186,3.56,4.07946979668,119.827634323,-4.9204781716,2.66417866817,0.5,9.6263284232,130.686488639,-4.81235227245,2.45250509476,0.0,-0.0630228538918,-0.0459461047851,-1.66424432161,0.0,0.026401669891,-0.106185417601,0.0,0.0,0.0,-0.190288349253
187,3.58,4.07946979668,119.827634323,-4.9204781716,2.66417866817,0.5,9.57682975834,130.697894084,-4.81331715871,2.45228276638,0.0,-0.0724318771178,-0.0349228906652,-1.66614272845,0.0,0.0311472510243,-0.0936906408519,0.0,0.0,0.0,-0.227885601642
188,3.59,4.07946979668,119.827634323,-4.9204781716,2.66417866817,0.5,9.61677357532,130.768326494,-4.8125385268,2.45090981494,0.0,-0.069696765031,-0.0307223472134,-1.66780189482,0.0,0.129177100277,0.0909621762725,0.0,0.0,0.0,-0.156874466273
189,3.63,4.07946979668,119.827634323,-4.9204781716,2.66417866817,0.5,9.65659035045,130.835375699,-4.81176237134,2.44960281288,0.0,-0.0661747480813,-0.0268099467813,-1.66927434278,0.0,0.122472999937,0.0901514730096,0.0,0.0,0.0,-0.137133424481
190,3.64,4.07946979668,119.827634323,-4.9204781716,2.66417866817,0.5,9.69745426187,130.90318148,-4.81096580386,2.44828106276,0.0,-0.0614980025588,-0.0236095608472,-1.67075992965,0.0,0.123621173263,0.0925083042715,0.0,0.0,0.0,-0.136797594581
191,3.66,4.07946979668,119.827634323,-4.9204781716,2.66417866817,0.5,9.74017902441,130.975952455,-4.81013296249,2.44686252524,0.0,-0.0548988024368,-0.0218038659239,-1.67249619056,0.0,0.13276584361,0.0973119031519,0.0,0.0,0.0,-0.158686690753
192,3.67,4.07946979668,119.827634323,-4.9204781716,2.66417866817,0.5,9.78566705197,131.051475024,-4.8092462563,2.44539035042,0.0,-0.0461986715397,-0.0213150737021,-1.67431539974,0.0,0.13740193814,0.103481664624,0.0,0.0,0.0,-0.163147504135
193,3.68,4.07946979668,119.827634323,-4.9204781716,2.66417866817,0.5,9.74283482172,131.165989566,-4.81008119256,2.44315809813,0.0,-0.0493823414851,-0.0315145380585,-1.6732926987,0.0,0.230671349108,-0.0602203006594,0.0,0.0,0.0,0.0940388207844
194,3.7,4.07946979668,119.827634323,-4.9204781716,2.66417866817,0.5,9.71994458936,131.272443747,-4.81052739592,2.4410829679,0.0,-0.0506507669415,-0.0421620763755,-1.67166050161,0.0,0.210928292666,-0.0233374258379,0.0,0.0,0.0,0.158519985129
195,3.73,4.07946979668,119.827634323,-4.9204781716,2.66417866817,0.5,9.73709270293,131.338371349,-4.8101931247,2.43979782945,0.0,-0.0456422514181,-0.0436524547737,-1.67087839745,0.0,0.124436276684,0.0461873701709,0.0,0.0,0.0,0.0998273491652
196,3.75,4.07946979668,119.827634323,-4.9204781716,2.66417866817,0.5,9.72735901385,131.404123945,-4.81038286523,2.43851610244,0.0,-0.0446265328524,-0.0443041027486,-1.66995566006,0.0,0.129393002604,-0.00621050513955,0.0,0.0,0.0,0.0967994953163
197,3.77,4.07946979668,119.827634323,-4.9204781716,2.66417866817,0.5,9.71978690487,131.481314458,-4.81053046969,2.43701141408,0.0,-0.0432673936725,-0.0459469347042,-1.66974143921,0.0,0.151187658585,0.000179020087447,0.0,0.0,0.0,0.0275650096685
198,3.79,4.07946979668,119.827634323,-4.9204781716,2.66417866817,0.5,9.71016587113,131.548732596,-4.81071801421,2.43569722036,0.0,-0.042998819977,-0.0453369308944,-1.66933330163,0.0,0.132567505464,-0.00582271487875,0.0,0.0,0.0,0.0423791176289
199,3.82,4.07946979668,119.827634323,-4.9204781716,2.66417866817,0.5,9.70581687889,131.62450969,-4.81080278989,2.43422008401,0.0,-0.0427784328048,-0.0449825819374,-1.66927699119,0.0,0.147843884494,0.00610887333911,0.0,0.0,0.0,0.00664352056964
200,3.83,4.07946979668,119.827634323,-4.9204781716,2.66417866817,0.5,9.68440137502,131.702257741,-4.8112202461,2.43270452747,0.0,-0.0456329516019,-0.045087567064,-1.66933268949,0.0,0.15492863746,-0.0266492387537,0.0,0.0,0.0,-0.0184366171864
201,3.85,4.07946979668,119.827634323,-4.9204781716,2.66417866817,0.5,9.65025917974,131.788505928,-4.81188578597,2.43102327625,0.0,-0.0506254450582,-0.046789062811,-1.66923657271,0.0,0.173858210513,-0.0497227168333,0.0,0.0,0.0,-0.0133204675733
202,3.87,4.07946979668,119.827634323,-4.9204781716,2.66417866817,0.5,9.65024956193,131.874145361,-4.81188597345,2.42935389159,0.0,-0.0516473012106,-0.0487011459706,-1.6689331396,0.0,0.166148595659,0.0163859961711,0.0,0.0,0.0,0.0255383100491
203,3.9,4.07946979668,119.827634323,-4.9204781716,2.66417866817,0.5,9.66608209837,131.970623526,-4.81157734701,2.4274732256,0.0,-0.0494803867042,-0.0524783241088,-1.66871933859,0.0,0.184154550067,0.0491441936361,0.0,0.0,0.0,0.0323590984639
204,3.93,4.07946979668,119.827634323,-4.9204781716,2.66417866817,0.5,9.74171557474,132.021256513,-4.81010301024,2.42648622781,0.0,-0.0385812427675,-0.0496032071275,-1.66935941946,0.0,0.0836371479833,0.156609025714,0.0,0.0,0.0,-0.00844192293427
205,3.97,4.07946979668,119.827634323,-4.9204781716,2.66417866817,0.5,9.76020390876,132.084452646,-4.80974261386,2.42525433439,0.0,-0.0328353961263,-0.0475339683779,-1.66872129738,0.0,0.119017687723,0.0478867983263,0.0,0.0,0.0,0.0916929597528
206,3.99,4.07946979668,119.827634323,-4.9204781716,2.66417866817,0.5,9.76292310733,132.152282612,-4.80968960804,2.42393211282,0.0,-0.0284343495497,-0.0461135461349,-1.66825348981,0.0,0.13105404649,0.0181239862893,0.0,0.0,0.0,0.0673568275539
207,4.01,4.07946979668,119.827634323,-4.9204781716,2.66417866817,0.5,9.74532049125,132.229208354,-4.81003273896,2.4224325857,0.0,-0.0264932295327,-0.046274067519,-1.66784064414,0.0,0.152578136625,-0.019644037226,0.0,0.0,0.0,0.0502431388798
208,4.02,4.07946979668,119.827634323,-4.9204781716,2.66417866817,0.5,9.71195708941,132.31396224,-4.81068309767,2.42078046316,0.0,-0.0270336776281,-0.0481358505758,-1.66739257793,0.0,0.17073375171,-0.0488208154544,0.0,0.0,0.0,0.0422494760105
209,4.05,4.07946979668,119.827634323,-4.9204781716,2.66417866817,0.5,9.66421620885,132.379373289,-4.81161371913,2.41950539398,0.0,-0.0317353925009,-0.0472398360528,-1.66694436845,0.0,0.135825897716,-0.0804680090325,0.0,0.0,0.0,0.0223784361818
210,4.06,4.07946979668,119.827634323,-4.9204781716,2.66417866817,0.5,9.62178797482,132.452624631,-4.81244078022,2.41807749258,0.0,-0.0382851388409,-0.0470393272845,-1.66643770712,0.0,0.150054154509,-0.0686976581077,0.0,0.0,0.0,0.0197717110061
211,4.07,4.07946979668,119.827634323,-4.9204781716,2.66417866817,0.5,9.63742230368,132.507354788,-4.81213601747,2.41701062792,0.0,-0.0378640665675,-0.0409483893034,-1.66611116936,0.0,0.103239802329,0.0405528959214,0.0,0.0,0.0,0.0345493044548
212,4.08,4.07946979668,119.827634323,-4.9204781716,2.66417866817,0.5,9.61522390322,132.586195277,-4.81256873483,2.41547377628,0.0,-0.0428443300916,-0.0388552859917,-1.66622459665,0.0,0.157118652073,-0.0284353886211,0.0,0.0,0.0,-0.0312768048592
213,4.09,4.07946979668,119.827634323,-4.9204781716,2.66417866817,0.5,9.61005517243,132.657619729,-4.81266948982,2.41408148676,0.0,-0.045962679733,-0.0355931970664,-1.66641107181,0.0,0.139541379706,0.00329051812734,0.0,0.0,0.0,-0.0302769646262
214,4.12,4.07946979668,119.827634323,-4.9204781716,2.66417866817,0.5,9.60564032326,132.728160143,-4.81275554925,2.41270642997,0.0,-0.0487429550067,-0.0320198707124,-1.6666239637,0.0,0.137688363652,0.00461259070371,0.0,0.0,0.0,-0.0307131463558
215,4.15,4.07946979668,119.827634323,-4.9204781716,2.66417866817,0.5,9.59923481458,132.798972523,-4.81288041297,2.41132607167,0.0,-0.0516108510888,-0.028389013259,-1.66687697894,0.0,0.138588220188,0.000837032706788,0.0,0.0,0.0,-0.0339971350468
216,4.2,4.07946979668,119.827634323,-4.9204781716,2.66417866817,0.5,9.61229016227,132.892057502,-4.81262592276,2.40951154968,0.0,-0.050514250926,-0.0296150140975,-1.66732980976,0.0,0.178191688342,0.0428495666008,0.0,0.0,0.0,-0.0420902703649
217,4.23,4.07946979668,119.827634323,-4.9204781716,2.66417866817,0.5,9.61143483997,132.969540001,-4.81264259571,2.40800116956,0.0,-0.0498046915361,-0.0300310521288,-1.66722832392,0.0,0.150487729231,0.0128830974296,0.0,0.0,0.0,0.0123166468853
218,4.24,4.07946979668,119.827634323,-4.9204781716,2.66417866817,0.5,9.60553858714,133.044966922,-4.81275753241,2.40653085922,0.0,-0.0489164695499,-0.0305065596714,-1.66700719223,0.0,0.147445953465,0.00268243709413,0.0,0.0,0.0,0.024851488497
219,4.26,4.07946979668,119.827634323,-4.9204781716,2.66417866817,0.5,9.59717783823,133.121096488,-4.81292050998,2.40504685208,0.0,-0.0478219080883,-0.0312873239268,-1.66677052016,0.0,0.149271237976,-0.00200381313356,0.0,0.0,0.0,0.0270956981757
220,4.27,4.07946979668,119.827634323,-4.9204781716,2.66417866817,0.5,9.58800897521,133.198285207,-4.81309924025,2.4035421987,0.0,-0.0464864348099,-0.0324359826111,-1.66653424819,0.0,0.151476601108,-0.00340960843178,0.0,0.0,0.0,0.0279279636126
221,4.29,4.07946979668,119.827634323,-4.9204781716,2.66417866817,0.5,9.58019731923,133.276345637,-4.81325151425,2.40202055289,0.0,-0.0448162912037,-0.0338361153273,-1.6664121851,0.0,0.15292734453,-0.000641312615439,0.0,0.0,0.0,0.0177886750079
222,4.32,4.07946979668,119.827634323,-4.9204781716,2.66417866817,0.5,9.5732701683,133.35435391,-4.81338654643,2.40049992377,0.0,-0.0430402321101,-0.035424790773,-1.66635780525,0.0,0.152652159075,0.00106532050907,0.0,0.0,0.0,0.0115869520136
223,4.33,4.07946979668,119.827634323,-4.9204781716,2.66417866817,0.5,9.56596630612,133.430321501,-4.81352892191,2.39901907406,0.0,-0.0413321544434,-0.037005475441,-1.6662097584,0.0,0.148593785371,-0.000227677555489,0.0,0.0,0.0,0.0217703904388
224,4.35,4.07946979668,119.827634323,-4.9204781716,2.66417866817,0.5,9.56069718946,133.506849559,-4.81363163373,2.39752729905,0.0,-0.03943030905,-0.0386801632416,-1.66604694288,0.0,0.149462102808,0.00397013442403,0.0,0.0,0.0,0.0235018459888
225,4.36,4.07946979668,119.827634323,-4.9204781716,2.66417866817,0.5,9.55609898038,133.583656891,-4.81372126744,2.39603008009,0.0,-0.0374241357331,-0.0404453232456,-1.66588228531,0.0,0.149879475429,0.00529662410447,0.0,0.0,0.0,0.024435070993
226,4.38,4.07946979668,119.827634323,-4.9204781716,2.66417866817,0.5,9.55169831814,133.660787354,-4.81380705033,2.3945265623,0.0,-0.0353496474183,-0.0423165994204,-1.66572262091,0.0,0.15047084199,0.00571577481668,0.0,0.0,0.0,0.0245823341026
227,4.41,4.07946979668,119.827634323,-4.9204781716,2.66417866817,0.5,9.54742622951,133.738187961,-4.81389032691,2.39301777854,0.0,-0.0332041181306,-0.0442928032519,-1.6655698109,0.0,0.150971983589,0.00599218581579,0.0,0.0,0.0,0.0246031837397
228,4.42,4.07946979668,119.827634323,-4.9204781716,2.66417866817,0.5,9.54325875617,133.815828812,-4.81397156421,2.39150431165,0.0,-0.0309822804444,-0.0463747988367,-1.66542408665,0.0,0.151419472283,0.00621750425883,0.0,0.0,0.0,0.0246754515525
229,4.43,4.07946979668,119.827634323,-4.9204781716,2.66417866817,0.5,9.519162525,133.885100667,-4.81444127632,2.39015398309,0.0,-0.0326648659564,-0.047112188621,-1.66482184139,0.0,0.13882589556,-0.0341065676055,0.0,0.0,0.0,0.0524170643839
230,4.44,4.07946979668,119.827634323,-4.9204781716,2.66417866817,0.5,9.48987545204,133.951984148,-4.81501217442,2.38885021153,0.0,-0.0369280090792,-0.0471286922314,-1.66400139986,0.0,0.135129381505,-0.0447249812977,0.0,0.0,0.0,0.0619950889669
231,4.48,4.07946979668,119.827634323,-4.9204781716,2.66417866817,0.5,9.46202423758,134.019227314,-4.81555508309,2.38753942857,0.0,-0.0411073667902,-0.0471505809184,-1.66318908581,0.0,0.135550519506,-0.0419595964231,0.0,0.0,0.0,0.0615373330109
232,4.49,4.07946979668,119.827634323,-4.9204781716,2.66417866817,0.5,9.39761600429,134.08578558,-4.8168106042,2.38624199649,0.0,-0.0538560166726,-0.0470802997615,-1.66215991306,0.0,0.140697187262,-0.113186123157,0.0,0.0,0.0,0.0428846617343
233,4.52,4.07946979668,119.827634323,-4.9204781716,2.66417866817,0.5,9.42613235486,134.186532785,-4.81625472992,2.38427811335,0.0,-0.0535482632543,-0.052397966527,-1.66153422546,0.0,0.190544421898,0.073266577241,0.0,0.0,0.0,0.0642054060906
234,4.54,4.07946979668,119.827634323,-4.9204781716,2.66417866817,0.5,9.42886913287,134.27045915,-4.81620138143,2.38264212183,0.0,-0.0553955980985,-0.0564192191603,-1.66130386427,0.0,0.162431957004,0.0201070211548,0.0,0.0,0.0,0.0130077929403
235,4.55,4.07946979668,119.827634323,-4.9204781716,2.66417866817,0.5,9.42166203211,134.350663529,-4.81634187072,2.38107868364,0.0,-0.0579666341232,-0.0601104233212,-1.66122984157,0.0,0.156956368289,0.00013425390266,0.0,0.0,0.0,-0.00755385887167
236,4.58,4.07946979668,119.827634323,-4.9204781716,2.66417866817,0.5,9.56772118808,134.381117188,-4.81349471368,2.38048504507,0.0,-0.0345606741003,-0.048738940919,-1.66071969861,0.0,0.0370068589574,0.280745205235,0.0,0.0,0.0,0.179298654187
237,4.59,4.07946979668,119.827634323,-4.9204781716,2.66417866817,0.5,9.66944498858,134.414325111,-4.81151179359,2.37983771714,0.0,-0.0152859765717,-0.0374568333261,-1.65857877272,0.0,0.0464879288021,0.203037426491,0.0,0.0,0.0,0.297182405672
238,4.6,4.07946979668,119.827634323,-4.9204781716,2.66417866817,0.5,9.63219178084,134.502282966,-4.81223797698,2.37812313906,0.0,-0.0124339535484,-0.036157079154,-1.65739167231,0.0,0.177159415086,-0.0576810253951,0.0,0.0,0.0,0.129170691916
239,4.62,4.07946979668,119.827634323,-4.9204781716,2.66417866817,0.5,9.59601799453,134.589063257,-4.81294311901,2.37643151546,0.0,-0.00953543715335,-0.0348049738255,-1.65622893182,0.0,0.174528634745,-0.0558354507255,0.0,0.0,0.0,0.12655615143
240,4.64,4.07946979668,119.827634323,-4.9204781716,2.66417866817,0.5,9.55991117277,134.675767803,-4.8136469557,2.37474136837,0.0,-0.00663130143228,-0.0334523955751,-1.6550620949,0.0,0.174305331893,-0.055921756675,0.0,0.0,0.0,0.126593227135
241,4.67,4.07946979668,119.827634323,-4.9204781716,2.66417866817,0.5,9.52385638172,134.762401916,-4.81434977813,2.37305259423,0.0,-0.00372230520558,-0.0320997167813,-1.65389169225,0.0,0.174094623395,-0.0560363828313,0.0,0.0,0.0,0.126573126332
242,4.69,4.07946979668,119.827634323,-4.9204781716,2.66417866817,0.5,9.48784169374,134.848969865,-4.81505181884,2.37136510984,0.0,-0.000809045974002,-0.03074723059,-1.6527181452,0.0,0.173893932487,-0.0561736212145,0.0,0.0,0.0,0.126507696225
243,4.71,4.07946979668,119.827634323,-4.9204781716,2.66417866817,0.5,9.38612357442,134.970132813,-4.81703462818,2.369003259,0.0,-0.0092794628498,-0.0374015601224,-1.65147085893,0.0,0.2515476783,-0.178656974047,0.0,0.0,0.0,0.0958741660496
244,4.72,4.07946979668,119.827634323,-4.9204781716,2.66417866817,0.5,9.28789708019,135.08938727,-4.81894937466,2.36667861071,0.0,-0.0175771451159,-0.04394310018,-1.65015780764,0.0,0.246961982884,-0.172359007531,0.0,0.0,0.0,0.0975654594615
245,4.74,4.07946979668,119.827634323,-4.9204781716,2.66417866817,0.5,9.1876840329,135.157045965,-4.82090284536,2.36535972778,0.0,-0.0300660941682,-0.0447971248292,-1.65137542472,0.0,0.146918314226,-0.184145819528,0.0,0.0,0.0,-0.177238703379
246,4.75,4.07946979668,119.827634323,-4.9204781716,2.66417866817,0.5,9.09048262513,135.225281869,-4.82279760965,2.36402959321,0.0,-0.0423696592252,-0.0456758489418,-1.65264970069,0.0,0.147857589528,-0.177927403212,0.0,0.0,0.0,-0.183066379779
247,4.77,4.07946979668,119.827634323,-4.9204781716,2.66417866817,0.5,9.14303869001,135.219390461,-4.82177312495,2.36414443547,0.0,-0.0346538364948,-0.0295032719696,-1.65346892122,0.0,-0.0199717782053,0.101496683753,0.0,0.0,0.0,-0.0532100434769
248,4.78,4.07946979668,119.827634323,-4.9204781716,2.66417866817,0.5,9.16554616378,135.220951036,-4.82133438277,2.36411401489,0.0,-0.0295771288275,-0.0134377857049,-1.65302154159,0.0,-0.000658954284769,0.0439061311953,0.0,0.0,0.0,0.0556838209039
249,4.79,4.07946979668,119.827634323,-4.9204781716,2.66417866817,0.5,9.18735564942,135.222343166,-4.8209092466,2.36408687785,0.0,-0.0245389541891,0.00262460363222,-1.65247316185,0.0,-0.000820753353589,0.0425220043223,0.0,0.0,0.0,0.057561990362
250,4.8,4.07946979668,119.827634323,-4.9204781716,2.66417866817,0.5,9.27021111502,135.306872826,-4.81929413031,2.3624391262,0.0,-0.00860461639948,0.00883327580752,-1.6533183113,0.0,0.151101534366,0.174756977151,0.0,0.0,0.0,-0.0936132353299
251,4.83,4.07946979668,119.827634323,-4.9204781716,2.66417866817,0.5,9.34128043507,135.384185879,-4.81790876345,2.36093204913,0.0,0.00752519419441,0.014688950077,-1.65426844778,0.0,0.13881522209,0.150652745628,0.0,0.0,0.0,-0.114069161843
252,4.84,4.07946979668,119.827634323,-4.9204781716,2.66417866817,0.5,9.40490372325,135.463245972,-4.81666854341,2.35939091672,0.0,0.0248485773401,0.0191621419385,-1.65558787292,0.0,0.143336824257,0.136662674851,0.0,0.0,0.0,-0.161275263335
253,4.85,4.07946979668,119.827634323,-4.9204781716,2.66417866817,0.5,9.46703067552,135.541776232,-4.81545749171,2.35786011244,0.0,0.0420888392322,0.0236784242277,-1.65686988878,0.0,0.142379840015,0.133779560657,0.0,0.0,0.0,-0.165128936809
254,4.86,4.07946979668,119.827634323,-4.9204781716,2.66417866817,0.5,9.52918310877,135.620717784,-4.8142459433,2.35632129076,0.0,0.0593310700487,0.02820159892,-1.65809085593,0.0,0.143025868279,0.134024541124,0.0,0.0,0.0,-0.166819326584
255,4.89,4.07946979668,119.827634323,-4.9204781716,2.66417866817,0.5,9.59129154732,135.700077202,-4.81303525249,2.35477432354,0.0,0.0765745943017,0.0327307476445,-1.65925119252,0.0,0.143704245914,0.134128829093,0.0,0.0,0.0,-0.168561426402
256,4.91,4.07946979668,119.827634323,-4.9204781716,2.66417866817,0.5,9.41821329421,136.110832307,-4.81640909758,2.34676740143,0.0,-0.0287263964863,-0.0254322412465,-1.66971866486,0.0,0.200998055954,-0.115907687632,0.0,0.0,0.0,-0.0230020952309
257,4.94,4.07946979668,119.827634323,-4.9204781716,2.66417866817,0.5,9.36273732954,136.205227897,-4.8174905004,2.34492733144,0.0,-0.060435822216,-0.0245652287667,-1.66943566185,0.0,0.193630944174,-0.0891021562276,0.0,0.0,0.0,-0.0509676422646
258,4.97,4.07946979668,119.827634323,-4.9204781716,2.66417866817,0.5,9.43920587369,136.239242732,-4.8159998855,2.34426427423,0.0,-0.0732122192969,-0.0127400252626,-1.66943947139,0.0,0.0512564356738,0.155121286831,0.0,0.0,0.0,-0.0242156071777
259,4.98,4.07946979668,119.827634323,-4.9204781716,2.66417866817,0.5,9.51170770588,136.275057673,-4.81458659443,2.34356612724,0.0,-0.086224654497,-0.00102431213553,-1.66958549413,0.0,0.0556068314359,0.147659351157,0.0,0.0,0.0,-0.0235578606156
260,4.99,4.07946979668,119.827634323,-4.9204781716,2.66417866817,0.5,9.58382508044,136.311123743,-4.81318079765,2.34286308492,0.0,-0.0992762890444,0.0106827850582,-1.66986896602,0.0,0.0561596802482,0.147011968581,0.0,0.0,0.0,-0.0220440729935
261,5.01,4.07946979668,119.827634323,-4.9204781716,2.66417866817,0.5,9.65568035817,136.347452239,-4.81178010998,2.34215492712,0.0,-0.112364094521,0.0223801467886,-1.67028927612,0.0,0.0566912546927,0.146612186141,0.0,0.0,0.0,-0.0203952556054
262,5.02,4.07946979668,119.827634323,-4.9204781716,2.66417866817,0.5,9.72737716717,136.384060182,-4.81038251136,2.341441322,0.0,-0.125486249541,0.0340664589855,-1.67084601052,0.0,0.0572161795412,0.146424947346,0.0,0.0,0.0,-0.0186421380156
263,5.04,4.07946979668,119.827634323,-4.9204781716,2.66417866817,0.5,9.87232613779,136.511516638,-4.80755699536,2.33895679068,0.0,-0.121808651756,0.0334787210805,-1.67309824457,0.0,0.218494773804,0.306633721629,0.0,0.0,0.0,-0.237689407151
264,5.06,4.07946979668,119.827634323,-4.9204781716,2.66417866817,0.5,10.0121130077,136.636287015,-4.80483210511,2.33652461959,0.0,-0.118446109125,0.0330132314387,-1.67541403267,0.0,0.213506660267,0.296406425662,0.0,0.0,0.0,-0.242755982423
265,5.08,4.07946979668,119.827634323,-4.9204781716,2.66417866817,0.5,10.1518749818,136.761263126,-4.80210770016,2.33408843809,0.0,-0.115087329396,0.0325496468029,-1.67773237243,0.0,0.213222794889,0.296894477806,0.0,0.0,0.0,-0.242842697632
266,5.09,4.07946979668,119.827634323,-4.9204781716,2.66417866817,0.5,10.2916101827,136.886425154,-4.7993838171,2.33164863247,0.0,-0.111732035021,0.0320881062199,-1.68005343842,0.0,0.212898969379,0.297375570179,0.0,0.0,0.0,-0.242948775381
267,5.1,4.07946979668,119.827634323,-4.9204781716,2.66417866817,0.5,10.4313169651,137.011757275,-4.79666048801,2.32920551121,0.0,-0.108380004814,0.031628716504,-1.6823773711,0.0,0.212542931403,0.297850710254,0.0,0.0,0.0,-0.243070627009
268,5.11,4.07946979668,119.827634323,-4.9204781716,2.66417866817,0.5,10.5709938674,137.137246841,-4.79393774138,2.32675932084,0.0,-0.105031062973,0.0311715604619,-1.68470428379,0.0,0.212160757029,0.298320845597,0.0,0.0,0.0,-0.243205394884
269,5.13,4.07946979668,119.827634323,-4.9204781716,2.66417866817,0.5,10.6788849685,137.243382563,-4.791834601,2.32469039838,0.0,-0.0961213745044,0.0271155988039,-1.68726404684,0.0,0.181422513426,0.233182001584,0.0,0.0,0.0,-0.281828967298
270,5.15,4.07946979668,119.827634323,-4.9204781716,2.66417866817,0.5,10.7595269884,137.328303211,-4.79026263181,2.32303502512,0.0,-0.0859148290764,0.0222713543932,-1.68988923559,0.0,0.146123468411,0.175716552933,0.0,0.0,0.0,-0.288165781562
271,5.16,4.07946979668,119.827634323,-4.9204781716,2.66417866817,0.5,10.8227492516,137.400723858,-4.78903022901,2.3216233166,0.0,-0.0746640496589,0.016708143253,-1.6926381086,0.0,0.125515971987,0.139430848368,0.0,0.0,0.0,-0.296930237142
272,5.18,4.07946979668,119.827634323,-4.9204781716,2.66417866817,0.5,10.8776908062,137.46766929,-4.78795924354,2.32031833742,0.0,-0.0616236409239,0.0100166075942,-1.695506112,0.0,0.116590390192,0.122478536588,0.0,0.0,0.0,-0.304219979904
273,5.19,4.07946979668,119.827634323,-4.9204781716,2.66417866817,0.5,10.9686275622,137.495114219,-4.78618659723,2.31978334856,0.0,-0.0408686484642,0.0106339585056,-1.6974927224,0.0,0.0309858246519,0.182930421495,0.0,0.0,0.0,-0.220126188078
274,5.2,4.07946979668,119.827634323,-4.9204781716,2.66417866817,0.5,10.9327906438,137.610274787,-4.78688517264,2.31753850319,0.0,-0.0373588379699,-0.00344358003046,-1.69715097027,0.0,0.231613790381,-0.0410202601162,0.0,0.0,0.0,0.0328676106093
275,5.21,4.07946979668,119.827634323,-4.9204781716,2.66417866817,0.5,10.8991806366,137.724075414,-4.78754033847,2.31532016736,0.0,-0.0337740048825,-0.0174423714217,-1.6968106921,0.0,0.228294691118,-0.0370708629566,0.0,0.0,0.0,0.0377714772145
276,5.22,4.07946979668,119.827634323,-4.9204781716,2.66417866817,0.5,10.865716325,137.837927104,-4.78819266423,2.31310083618,0.0,-0.0301880866743,-0.031440949913,-1.69652597653,0.0,0.22832172661,-0.0368488784608,0.0,0.0,0.0,0.0372354884312
277,5.23,4.07946979668,119.827634323,-4.9204781716,2.66417866817,0.5,10.8323693552,137.951790147,-4.78884270263,2.31088128368,0.0,-0.0266009814087,-0.0454392808268,-1.69629559913,0.0,0.228280997362,-0.0366788613193,0.0,0.0,0.0,0.0368235715315
278,5.24,4.07946979668,119.827634323,-4.9204781716,2.66417866817,0.5,10.8371645295,138.045016266,-4.78874922944,2.30906401041,0.0,-0.0182003680546,-0.0563944758912,-1.69587815079,0.0,0.179025156295,0.0320355828064,0.0,0.0,0.0,0.0845029568509
279,5.26,4.07946979668,119.827634323,-4.9204781716,2.66417866817,0.5,10.8533284789,138.133550201,-4.78843414271,2.30733820271,0.0,-0.00759665429158,-0.0661165631105,-1.69559663889,0.0,0.167178958661,0.0528051146319,0.0,0.0,0.0,0.0930682088704
280,5.27,4.07946979668,119.827634323,-4.9204781716,2.66417866817,0.5,10.7007315758,138.095260369,-4.79140874121,2.30808459319,0.0,-0.0299255390872,-0.0538046153888,-1.70014551404,0.0,-0.0192648546002,-0.275740856702,0.0,0.0,0.0,-0.538040754653
281,5.27,4.07946979668,119.827634323,-4.9204781716,2.66417866817,0.5,10.5678881495,138.072677128,-4.79399828169,2.30852481232,0.0,-0.0492747325403,-0.0434616097145,-1.70447668783,0.0,-0.00999779165988,-0.261980330332,0.0,0.0,0.0,-0.52718684669
282,5.29,4.07946979668,119.827634323,-4.9204781716,2.66417866817,0.5,10.50832856,138.047463631,-4.79515928733,2.30901630348,0.0,-0.0608578831778,-0.0307982058839,-1.71110147991,0.0,-0.0331680320384,-0.120969484499,0.0,0.0,0.0,-0.705480314104
283,5.31,4.07946979668,119.827634323,-4.9204781716,2.66417866817,0.5,10.462014008,138.023709571,-4.79606210511,2.30947934559,0.0,-0.0711942929236,-0.0179583881921,-1.7183828541,0.0,-0.0331843560771,-0.0951909060983,0.0,0.0,0.0,-0.753337666773
284,5.33,4.07946979668,119.827634323,-4.9204781716,2.66417866817,0.5,10.4301090796,137.995835917,-4.79668403354,2.31002269168,0.0,-0.079513774686,-0.00407554769781,-1.72592470742,0.0,-0.0445912813442,-0.0688226713695,0.0,0.0,0.0,-0.763355304772
285,5.36,4.07946979668,119.827634323,-4.9204781716,2.66417866817,0.5,10.4096416254,137.963740041,-4.79708300925,2.31064834229,0.0,-0.0855705216044,0.0111536879642,-1.73357533529,0.0,-0.0556202167019,-0.0483954441788,0.0,0.0,0.0,-0.762924774272
286,5.37,4.07946979668,119.827634323,-4.9204781716,2.66417866817,0.5,10.3952790064,137.928790393,-4.79736298233,2.31132962198,0.0,-0.089552899998,0.0277370053281,-1.74121352124,0.0,-0.0625708300038,-0.0379523690864,0.0,0.0,0.0,-0.756081810828
287,5.41,4.07946979668,119.827634323,-4.9204781716,2.66417866817,0.5,10.3831585275,137.891984934,-4.79759924898,2.31204707731,0.0,-0.0916356004765,0.0456631262978,-1.74873671562,0.0,-0.066438812483,-0.0346948938441,0.0,0.0,0.0,-0.744685501108
288,5.43,4.07946979668,119.827634323,-4.9204781716,2.66417866817,0.5,10.4856050169,137.95928404,-4.79560224139,2.31073520389,0.0,-0.0755403641315,0.051091535297,-1.75451546325,0.0,0.0935590897884,0.221073438846,0.0,0.0,0.0,-0.65542743536
289,5.44,4.07946979668,119.827634323,-4.9204781716,2.66417866817,0.5,10.5776057057,138.020117971,-4.79380885564,2.30954935729,0.0,-0.0582117204338,0.0558160642622,-1.76028402217,0.0,0.0837031495533,0.198901327211,0.0,0.0,0.0,-0.669537308871
290,5.46,4.07946979668,119.827634323,-4.9204781716,2.66417866817,0.5,10.5310031436,138.165524312,-4.79471728765,2.30671492569,0.0,-0.0594199499805,0.04611301401,-1.76457928921,0.0,0.295751168734,-0.035074612745,0.0,0.0,0.0,-0.423274018698
291,5.48,4.07946979668,119.827634323,-4.9204781716,2.66417866817,0.5,10.4865989935,138.310117403,-4.79558286562,2.30389634692,0.0,-0.0604708326102,0.036468655688,-1.76882262091,0.0,0.293375255175,-0.0297638154143,0.0,0.0,0.0,-0.419995787616
292,5.5,4.07946979668,119.827634323,-4.9204781716,2.66417866817,0.5,10.4415769415,138.454576187,-4.79646048847,2.30108038623,0.0,-0.0615193943327,0.0268233929797,-1.77305697014,0.0,0.293473289484,-0.0297530516453,0.0,0.0,0.0,-0.42011777461
293,5.52,4.07946979668,119.827634323,-4.9204781716,2.66417866817,0.5,10.4320492811,138.547012383,-4.79664621284,2.29927851105,0.0,-0.0586892439345,0.0217858188026,-1.77350663335,0.0,0.180261668854,0.0180973933668,0.0,0.0,0.0,-0.0518044556788
294,5.55,4.07946979668,119.827634323,-4.9204781716,2.66417866817,0.5,10.4241362476,138.630744706,-4.79680046301,2.29764630203,0.0,-0.0554145585717,0.0172584915031,-1.77312338155,0.0,0.16299561203,0.0177199878702,0.0,0.0,0.0,0.0319572386378
295,5.57,4.07946979668,119.827634323,-4.9204781716,2.66417866817,0.5,10.4134749434,138.713397473,-4.7970082857,2.29603513699,0.0,-0.0522553606873,0.0125509968891,-1.77259887626,0.0,0.162012557902,0.0119646454118,0.0,0.0,0.0,0.0477596499458
296,5.57,4.07946979668,119.827634323,-4.9204781716,2.66417866817,0.5,10.4019538351,138.796136764,-4.79723286871,2.2944222853,0.0,-0.0490071662584,0.00763172395599,-1.77207441092,0.0,0.162517660122,0.0102727016104,0.0,0.0,0.0,0.0491867174403
297,5.6,4.07946979668,119.827634323,-4.9204781716,2.66417866817,0.5,10.39024258,138.879305785,-4.79746115828,2.29280105683,0.0,-0.0455923919531,0.00247371817975,-1.77157383612,0.0,0.163416617327,0.00999584993104,0.0,0.0,0.0,0.0483513738119
298,5.62,4.07946979668,119.827634323,-4.9204781716,2.66417866817,0.5,10.3784817436,138.962982746,-4.79769041436,2.29116992697,0.0,-0.0419981430053,-0.00294217908592,-1.77110203435,0.0,0.164409611672,0.0100210012846,0.0,0.0,0.0,0.0472840576331
299,5.63,4.07946979668,119.827634323,-4.9204781716,2.66417866817,0.5,10.3667379525,139.047171572,-4.79791933816,2.28952881925,0.0,-0.0382178457172,-0.00862660425772,-1.77066029807,0.0,0.165383526481,0.0101786670121,0.0,0.0,0.0,0.0463800481193
300,5.66,4.07946979668,119.827634323,-4.9204781716,2.66417866817,0.5,10.3574781855,139.130333174,-4.79809984044,2.2879077354,0.0,-0.0341781822219,-0.014184387728,-1.77039236989,0.0,0.162456479352,0.0144946802918,0.0,0.0,0.0,0.0313337170316
301,5.67,4.07946979668,119.827634323,-4.9204781716,2.66417866817,0.5,10.3307792729,139.184245176,-4.79862028708,2.28685681919,0.0,-0.0345144283198,-0.0145981689433,-1.7709091444,0.0,0.113307256528,-0.0301347548954,0.0,0.0,0.0,-0.0521756653965
302,5.7,4.07946979668,119.827634323,-4.9204781716,2.66417866817,0.5,10.3109048196,139.24333671,-4.79900770332,2.28570493743,0.0,-0.0349328365852,-0.0129735886328,-1.77130545086,0.0,0.120566207232,-0.0150112887799,0.0,0.0,0.0,-0.040227083423
303,5.7,4.07946979668,119.827634323,-4.9204781716,2.66417866817,0.5,10.2968506223,139.30397969,-4.79928166428,2.28452281307,0.0,-0.0351837274054,-0.00932333089188,-1.77151830761,0.0,0.121273695789,-0.00325988608591,0.0,0.0,0.0,-0.0215772836829
304,5.72,4.07946979668,119.827634323,-4.9204781716,2.66417866817,0.5,10.2860026347,139.363122075,-4.79949312603,2.28336994006,0.0,-0.0354436920654,-0.00345437902199,-1.77163604072,0.0,0.117160254224,0.0022948313787,0.0,0.0,0.0,-0.0119520127146
305,5.73,4.07946979668,119.827634323,-4.9204781716,2.66417866817,0.5,10.2768460292,139.418622812,-4.79967161736,2.28228805436,0.0,-0.0359983776976,0.0048317506508,-1.77182529244,0.0,0.10954658044,0.00414025047749,0.0,0.0,0.0,-0.018915945718
306,5.75,4.07946979668,119.827634323,-4.9204781716,2.66417866817,0.5,10.2696377134,139.471464446,-4.79981213034,2.281258003,0.0,-0.0365306632029,0.0153833266176,-1.77199749296,0.0,0.10371926798,0.00684990793187,0.0,0.0,0.0,-0.0167039435046
307,5.76,4.07946979668,119.827634323,-4.9204781716,2.66417866817,0.5,10.2632760248,139.520519845,-4.79993613987,2.28030175741,0.0,-0.03708269739,0.0282722694979,-1.77219416557,0.0,0.0961786112199,0.00701789181809,0.0,0.0,0.0,-0.0184839112941
308,5.77,4.07946979668,119.827634323,-4.9204781716,2.66417866817,0.5,10.2571437476,139.564923422,-4.80005567743,2.27943619059,0.0,-0.0376827135697,0.0435553666789,-1.77245979483,0.0,0.0872450828462,0.00567896552578,0.0,0.0,0.0,-0.0244299381165
309,5.78,4.07946979668,119.827634323,-4.9204781716,2.66417866817,0.5,10.1307142601,139.732882301,-4.80252018986,2.27616213839,0.0,-0.0648296547157,0.037284075128,-1.768124583,0.0,0.312393118741,-0.151795376409,0.0,0.0,0.0,0.413005820511
310,5.81,4.07946979668,119.827634323,-4.9204781716,2.66417866817,0.5,10.0965634183,139.850638083,-4.80318589828,2.27386670404,0.0,-0.0814325331156,0.0383280163036,-1.76538965607,0.0,0.238298052875,-0.020623481263,0.0,0.0,0.0,0.33667991635
311,5.82,4.07946979668,119.827634323,-4.9204781716,2.66417866817,0.5,10.0778474314,139.981264076,-4.80355073233,2.27132038838,0.0,-0.0946097335386,0.037560958914,-1.76264667512,0.0,0.257310364634,0.0129318987778,0.0,0.0,0.0,0.324263143651
312,5.86,4.07946979668,119.827634323,-4.9204781716,2.66417866817,0.5,10.0572191563,140.109044396,-4.80395284296,2.26882954394,0.0,-0.106584021378,0.0362569068193,-1.75976542789,0.0,0.252556875048,0.00748357177729,0.0,0.0,0.0,0.332297335534
313,5.88,4.07946979668,119.827634323,-4.9204781716,2.66417866817,0.5,10.0829698866,140.220403142,-4.8034508794,2.26665880814,0.0,-0.112506626033,0.0386419567039,-1.75702168906,0.0,0.204175261838,0.089552646189,0.0,0.0,0.0,0.296514261209
314,5.92,4.07946979668,119.827634323,-4.9204781716,2.66417866817,0.5,10.1061186787,140.33227973,-4.80299963589,2.26447797797,0.0,-0.118198233799,0.0412506386713,-1.75422502233,0.0,0.206362909465,0.0841205111667,0.0,0.0,0.0,0.302408747314
315,5.93,4.07946979668,119.827634323,-4.9204781716,2.66417866817,0.5,10.13321278,140.44083762,-4.80247148577,2.26236183976,0.0,-0.122435640081,0.0449628914419,-1.7512798714,0.0,0.198826932147,0.0898967561267,0.0,0.0,0.0,0.312761257464
316,5.94,4.07946979668,119.827634323,-4.9204781716,2.66417866817,0.5,10.1475339084,140.564399031,-4.80219232147,2.25995323526,0.0,-0.122524115073,0.0445933110431,-1.74952650918,0.0,0.232106092519,0.0703819504101,0.0,0.0,0.0,0.175755785769
317,5.97,4.07946979668,119.827634323,-4.9204781716,2.66417866817,0.5,10.1509191938,140.679279344,-4.8021263315,2.25771385295,0.0,-0.121665675956,0.0435415083585,-1.7478348515,0.0,0.219275422386,0.0459722605205,0.0,0.0,0.0,0.165385481704
318,5.99,4.07946979668,119.827634323,-4.9204781716,2.66417866817,0.5,10.1493919732,140.790822151,-4.80215610189,2.25553952921,0.0,-0.11896900004,0.0412605063159,-1.74617630709,0.0,0.214610010083,0.0350879499289,0.0,0.0,0.0,0.154429222228
319,6.02,4.07946979668,119.827634323,-4.9204781716,2.66417866817,0.5,10.1567129838,140.883118992,-4.80201339213,2.25374037053,0.0,-0.112891783105,0.0407624093452,-1.74451522779,0.0,0.174664332219,0.0452276979843,0.0,0.0,0.0,0.141149832808
320,6.04,4.07946979668,119.827634323,-4.9204781716,2.66417866817,0.5,10.161548692,140.969885554,-4.80191912881,2.25204901453,0.0,-0.104835995409,0.0406022090146,-1.74313785247,0.0,0.164942282184,0.0383620652983,0.0,0.0,0.0,0.104925022501
321,6.05,4.07946979668,119.827634323,-4.9204781716,2.66417866817,0.5,10.1627394797,141.052871016,-4.80189591658,2.25043136422,0.0,-0.0946217943166,0.0405515352137,-1.74212357585,0.0,0.158943489876,0.029992489773,0.0,0.0,0.0,0.0598644389152
322,6.07,4.07946979668,119.827634323,-4.9204781716,2.66417866817,0.5,10.1638632446,141.132070824,-4.80187401083,2.2488875083,0.0,-0.08207402032,0.0406644798661,-1.74142908884,0.0,0.151754746568,0.0285153673693,0.0,0.0,0.0,0.0185169223909
323,6.07,4.07946979668,119.827634323,-4.9204781716,2.66417866817,0.5,10.1944425528,141.193929088,-4.80127792295,2.24768169419,0.0,-0.0651156243523,0.0443386980676,-1.74064160533,0.0,0.108695261609,0.079352572877,0.0,0.0,0.0,0.00664032549211
324,6.09,4.07946979668,119.827634323,-4.9204781716,2.66417866817,0.5,10.2232207394,141.256457362,-4.80071694465,2.24646281946,0.0,-0.0470096701104,0.0489588326258,-1.73972960878,0.0,0.110658840274,0.0759429156414,0.0,0.0,0.0,0.00675609963032
325,6.1,4.07946979668,119.827634323,-4.9204781716,2.66417866817,0.5,10.0431091394,141.443253965,-4.80422789202,2.24282156014,0.0,-0.0613952923079,0.0287061379962,-1.73392983751,0.0,0.417480708504,-0.28648190188,0.0,0.0,0.0,0.636404972446
326,6.11,4.07946979668,119.827634323,-4.9204781716,2.66417866817,0.5,10.0888607852,141.532543033,-4.80333604707,2.24108103249,0.0,-0.0507795809964,0.0258156191877,-1.7292272112,0.0,0.157280237743,0.116007705534,0.0,0.0,0.0,0.441060949895
327,6.12,4.07946979668,119.827634323,-4.9204781716,2.66417866817,0.5,10.1335852838,141.623146207,-4.80246422449,2.23931488876,0.0,-0.0402130472499,0.0228032464002,-1.72462884439,0.0,0.160786713313,0.113389332926,0.0,0.0,0.0,0.434152980619
328,6.12,4.07946979668,119.827634323,-4.9204781716,2.66417866817,0.5,10.1786586284,141.713236077,-4.80158560178,2.23755875093,0.0,-0.02964814072,0.019772062641,-1.72006687913,0.0,0.160207507295,0.113164290418,0.0,0.0,0.0,0.433708461848
329,6.13,4.07946979668,119.827634323,-4.9204781716,2.66417866817,0.5,10.1609172478,141.731054809,-4.80193143767,2.23721140723,0.0,-0.0291951516741,0.0242886519323,-1.71649087276,0.0,0.0393025352798,-0.0294183377239,0.0,0.0,0.0,0.356583935271
330,6.15,4.07946979668,119.827634323,-4.9204781716,2.66417866817,0.5,10.1464408889,141.75125419,-4.8022136279,2.23681765711,0.0,-0.0288262590492,0.0289268431817,-1.71296142273,0.0,0.0429755865901,-0.0224898395248,0.0,0.0,0.0,0.351960969223
331,6.16,4.07946979668,119.827634323,-4.9204781716,2.66417866817,0.5,10.1024682557,141.791987935,-4.80307079424,2.23602362699,0.0,-0.0333527127142,0.0297385653929,-1.70909775213,0.0,0.0906626716401,-0.0740214893692,0.0,0.0,0.0,0.399652574755
332,6.16,4.07946979668,119.827634323,-4.9204781716,2.66417866817,0.5,10.0503683985,141.836726167,-4.80408638599,2.2351515367,0.0,-0.0398519344976,0.0291694731382,-1.70523622288,0.0,0.100287559692,-0.0889395037295,0.0,0.0,0.0,0.405306835427
333,6.18,4.07946979668,119.827634323,-4.9204781716,2.66417866817,0.5,9.99909100018,141.881360508,-4.80508594542,2.23428147158,0.0,-0.0463037959225,0.0286394384468,-1.70136412514,0.0,0.0995126612763,-0.0877375904114,0.0,0.0,0.0,0.405856554289
334,6.2,4.07946979668,119.827634323,-4.9204781716,2.66417866817,0.5,9.99866918083,141.926317495,-4.80509416801,2.23340511706,0.0,-0.0489035678432,0.0321174573768,-1.69979440979,0.0,0.0871270873555,0.0105781865892,0.0,0.0,0.0,0.164736089143
335,6.22,4.07946979668,119.827634323,-4.9204781716,2.66417866817,0.5,9.99895905332,141.992668402,-4.80508851748,2.23211172706,0.0,-0.0507379492985,0.0347470525262,-1.69940690347,0.0,0.128203253947,0.0171559582631,0.0,0.0,0.0,0.0448870602258
336,6.23,4.07946979668,119.827634323,-4.9204781716,2.66417866817,0.5,9.99332869579,142.064783858,-4.80519827104,2.23070596768,0.0,-0.052817639405,0.0371129230686,-1.6994363966,0.0,0.14082812744,0.00715464772758,0.0,0.0,0.0,0.00452431506568
337,6.24,4.07946979668,119.827634323,-4.9204781716,2.66417866817,0.5,9.98531961833,142.1378264,-4.8053543934,2.22928213646,0.0,-0.0549865097112,0.0395784589196,-1.69960803409,0.0,0.143208539445,0.00282465392866,0.0,0.0,0.0,-0.00884264078049
338,6.26,4.07946979668,119.827634323,-4.9204781716,2.66417866817,0.5,9.97600227056,142.210729806,-4.80553601812,2.22786101743,0.0,-0.0572331641407,0.0422077031342,-1.69981752501,0.0,0.143267410087,0.000292473305978,0.0,0.0,0.0,-0.011757508805
339,6.27,4.07946979668,119.827634323,-4.9204781716,2.66417866817,0.5,9.9817360533,142.275074983,-4.80542424847,2.22660672547,0.0,-0.0570349564234,0.046710071804,-1.69997970587,0.0,0.122929629367,0.0272811582714,0.0,0.0,0.0,-0.0171112448494
340,6.27,4.07946979668,119.827634323,-4.9204781716,2.66417866817,0.5,9.98660513376,142.339832726,-4.80532933462,2.22534439131,0.0,-0.0568837112114,0.0511847888621,-1.70013626422,0.0,0.123963317727,0.0256998142683,0.0,0.0,0.0,-0.016395847625
341,6.28,4.07946979668,119.827634323,-4.9204781716,2.66417866817,0.5,10.0370098194,142.438673205,-4.80434678715,2.22341767632,0.0,-0.0450697958169,0.0507312045702,-1.6991569377,0.0,0.178529986896,0.122324196913,0.0,0.0,0.0,0.0377121365393
342,6.29,4.07946979668,119.827634323,-4.9204781716,2.66417866817,0.5,10.0188356832,142.476994379,-4.80470105881,2.22267067487,0.0,-0.0445812107542,0.058070241402,-1.70081245186,0.0,0.078603655938,-0.0253671650233,0.0,0.0,0.0,-0.16845258372
343,6.31,4.07946979668,119.827634323,-4.9204781716,2.66417866817,0.5,10.0164995711,142.530059617,-4.80474659705,2.22163626478,0.0,-0.0421586988388,0.0641678526972,-1.7024718017,0.0,0.103203287904,0.00917018778127,0.0,0.0,0.0,-0.180732342414
344,6.33,4.07946979668,119.827634323,-4.9204781716,2.66417866817,0.5,10.026697809,142.591194295,-4.80454780099,2.22044455566,0.0,-0.0376865388177,0.0691980391537,-1.70396804666,0.0,0.115563340752,0.0356179917478,0.0,0.0,0.0,-0.179424528291
345,6.35,4.07946979668,119.827634323,-4.9204781716,2.66417866817,0.5,10.0496518873,142.659903303,-4.80410035307,2.21910519877,0.0,-0.0305195911136,0.0727931360143,-1.70521231096,0.0,0.126822570643,0.0623532955351,0.0,0.0,0.0,-0.175238028054
346,6.36,4.07946979668,119.827634323,-4.9204781716,2.66417866817,0.5,10.078347389,142.731267958,-4.80354098657,2.2177140749,0.0,-0.0210082009341,0.075120747238,-1.70626700396,0.0,0.130443264597,0.0742847949816,0.0,0.0,0.0,-0.175746122087
347,6.38,4.07946979668,119.827634323,-4.9204781716,2.66417866817,0.5,9.99490454181,142.701176221,-4.80516755279,2.21830065846,0.0,-0.0321107693904,0.09192514579,-1.70850892755,0.0,-0.0358238487997,-0.168993635556,0.0,0.0,0.0,-0.131663925634
348,6.4,4.07946979668,119.827634323,-4.9204781716,2.66417866817,0.5,10.0507810539,142.787154045,-4.80407834203,2.21662467748,0.0,-0.0208773412091,0.0959041514276,-1.70927307272,0.0,0.151209014489,0.131138688537,0.0,0.0,0.0,-0.181650184546
349,6.41,4.07946979668,119.827634323,-4.9204781716,2.66417866817,0.5,9.88634624888,143.047323545,-4.80728369885,2.21155314727,0.0,-0.0450047692431,0.0724099475795,-1.70667505442,0.0,0.430128340388,-0.152062956877,0.0,0.0,0.0,0.249889715836
350,6.43,4.07946979668,119.827634323,-4.9204781716,2.66417866817,0.5,9.78587314326,143.252106319,-4.80924223892,2.20756128034,0.0,-0.0588033278638,0.0572907356877,-1.70506892459,0.0,0.422153010653,-0.140350595577,0.0,0.0,0.0,0.250038496977
351,6.45,4.07946979668,119.827634323,-4.9204781716,2.66417866817,0.5,9.68546649461,143.457337316,-4.81119948354,2.20356067611,0.0,-0.072620708886,0.0421876845333,-1.70325457314,0.0,0.422690214759,-0.140820314912,0.0,0.0,0.0,0.250136551592
352,6.46,4.07946979668,119.827634323,-4.9204781716,2.66417866817,0.5,9.5852400414,143.662957595,-4.81315321557,2.19955248353,0.0,-0.08645973338,0.027104217958,-1.70123248112,0.0,0.42305461117,-0.141175730903,0.0,0.0,0.0,0.250148485441
353,6.49,4.07946979668,119.827634323,-4.9204781716,2.66417866817,0.5,9.48529417651,143.868910933,-4.81510147804,2.19553779858,0.0,-0.100324035571,0.0120435660643,-1.69900282825,0.0,0.423255912351,-0.141441198613,0.0,0.0,0.0,0.250102723898
354,6.51,4.07946979668,119.827634323,-4.9204781716,2.66417866817,0.5,9.53078391541,143.988096641,-4.81421473849,2.19321449043,0.0,-0.0960540720364,0.00952097589794,-1.69524365078,0.0,0.219321829844,0.117072974828,0.0,0.0,0.0,0.371291318533
355,6.54,4.07946979668,119.827634323,-4.9204781716,2.66417866817,0.5,9.57501390835,144.10722828,-4.81335255539,2.19089223626,0.0,-0.0918669807729,0.00698343546509,-1.69146779235,0.0,0.220031229717,0.11365641801,0.0,0.0,0.0,0.374131037268
356,6.58,4.07946979668,119.827634323,-4.9204781716,2.66417866817,0.5,9.6194140473,144.226204749,-4.81248705561,2.18857300685,0.0,-0.087681002235,0.0044392724372,-1.68770984472,0.0,0.220116694418,0.113121045949,0.0,0.0,0.0,0.373404443641
357,6.6,4.07946979668,119.827634323,-4.9204781716,2.66417866817,0.5,9.66398955785,144.345021275,-4.81161813727,2.18625689522,0.0,-0.0834958033699,0.00188857126802,-1.68396901908,0.0,0.22018889269,0.11259949967,0.0,0.0,0.0,0.37275883083
358,6.62,4.07946979668,119.827634323,-4.9204781716,2.66417866817,0.5,9.74142406946,144.446212054,-4.8101086926,2.18428436542,0.0,-0.0727181143321,0.00344261153671,-1.68004189619,0.0,0.179201326684,0.171658065548,0.0,0.0,0.0,0.389831682611
359,6.64,4.07946979668,119.827634323,-4.9204781716,2.66417866817,0.5,9.81114768178,144.553691558,-4.80874955786,2.18218924838,0.0,-0.0609365717214,0.00537164594701,-1.67629800079,0.0,0.193628525686,0.157237450142,0.0,0.0,0.0,0.369257160196
360,6.68,4.07946979668,119.827634323,-4.9204781716,2.66417866817,0.5,9.87654944235,144.663137148,-4.80747466974,2.18005580609,0.0,-0.0479937399705,0.00795170297864,-1.67254420306,0.0,0.198847639549,0.148493363769,0.0,0.0,0.0,0.36681750518
361,6.71,4.07946979668,119.827634323,-4.9204781716,2.66417866817,0.5,9.82993417285,144.662425363,-4.80838334946,2.18006968103,0.0,-0.0532532671882,0.0262375405327,-1.67163941,0.0,0.00777287599161,-0.0908646700662,0.0,0.0,0.0,0.0994428550179
362,6.72,4.07946979668,119.827634323,-4.9204781716,2.66417866817,0.5,9.81425730258,144.676468606,-4.80868894147,2.17979593361,0.0,-0.0554594238883,0.044534127256,-1.67241080236,0.0,0.030469155962,-0.0274684485485,0.0,0.0,0.0,-0.0694582925616
363,6.73,4.07946979668,119.827634323,-4.9204781716,2.66417866817,0.5,9.9029180112,144.769867601,-4.80696066255,2.17797529042,0.0,-0.0396502421634,0.0519213235881,-1.67279052782,0.0,0.163712525892,0.19074919279,0.0,0.0,0.0,-0.114107120428
364,6.77,4.07946979668,119.827634323,-4.9204781716,2.66417866817,0.5,9.87716867423,144.787328598,-4.80746259894,2.17763492011,0.0,-0.0390419479455,0.0686928515063,-1.67270761137,0.0,0.0390234767528,-0.0466242805853,0.0,0.0,0.0,0.0046605287208
365,6.78,4.07946979668,119.827634323,-4.9204781716,2.66417866817,0.5,9.88063308164,144.884416749,-4.80739506663,2.17574236356,0.0,-0.0310217391695,0.0725033261789,-1.67201446273,0.0,0.187703260376,0.0258915775529,0.0,0.0,0.0,0.0128856753159
366,6.81,4.07946979668,119.827634323,-4.9204781716,2.66417866817,0.5,9.86080265637,144.980075862,-4.80778162463,2.1738776635,0.0,-0.0267009850534,0.0748447625043,-1.67197115092,0.0,0.189466773133,-0.0196508749308,0.0,0.0,0.0,-0.0274150502836
367,6.83,4.07946979668,119.827634323,-4.9204781716,2.66417866817,0.5,9.83652911044,145.073301644,-4.80825479317,2.1720603968,0.0,-0.02426408611,0.0762941696073,-1.67222933977,0.0,0.185620418759,-0.0286910607906,0.0,0.0,0.0,-0.0441737764521
368,6.86,4.07946979668,119.827634323,-4.9204781716,2.66417866817,0.5,9.81332300946,145.165750693,-4.80870715381,2.17025827109,0.0,-0.021772663856,0.0777909835924,-1.67249859157,0.0,0.18388498999,-0.0267010517378,0.0,0.0,0.0,-0.046100772588
369,6.88,4.07946979668,119.827634323,-4.9204781716,2.66417866817,0.5,9.76711420158,145.267801466,-4.8096079103,2.16826897726,0.0,-0.0262869085656,0.0761851841159,-1.67351369225,0.0,0.207186856497,-0.0693186093534,0.0,0.0,0.0,-0.0665871595865
370,6.92,4.07946979668,119.827634323,-4.9204781716,2.66417866817,0.5,9.71986023083,145.350751741,-4.81052904033,2.16665201285,0.0,-0.0322524397517,0.0766008920565,-1.67538737486,0.0,0.170342419388,-0.074736140036,0.0,0.0,0.0,-0.141831601575
371,6.94,4.07946979668,119.827634323,-4.9204781716,2.66417866817,0.5,9.72415135221,145.438627133,-4.81044539274,2.16493904224,0.0,-0.0268874107511,0.0703878147212,-1.67513268127,0.0,0.169575920019,0.026249494029,0.0,0.0,0.0,-0.013945897823
372,6.95,4.07946979668,119.827634323,-4.9204781716,2.66417866817,0.5,9.68506274163,145.496903155,-4.81120735396,2.1638030574,0.0,-0.0296150665753,0.0697536183896,-1.67540699998,0.0,0.121313990446,-0.0639207109572,0.0,0.0,0.0,-0.00996336578884
373,6.97,4.07946979668,119.827634323,-4.9204781716,2.66417866817,0.5,9.64865709614,145.557851842,-4.81191701567,2.16261497383,0.0,-0.032322235234,0.0690995681267,-1.675692178,0.0,0.125586127623,-0.0581329144704,0.0,0.0,0.0,-0.00973687735607
374,6.99,4.07946979668,119.827634323,-4.9204781716,2.66417866817,0.5,9.6336423118,145.628886842,-4.81220970152,2.16123027599,0.0,-0.0319347769064,0.0672378719401,-1.67549673086,0.0,0.140778802377,-0.0146200056097,0.0,0.0,0.0,0.0168495581708
375,7.03,4.07946979668,119.827634323,-4.9204781716,2.66417866817,0.5,9.62882371699,145.707861966,-4.81230363125,2.15969079989,0.0,-0.0297068489766,0.0642514476863,-1.67527878533,0.0,0.15409732046,0.00673281629759,0.0,0.0,0.0,0.00716290079761
376,7.05,4.07946979668,119.827634323,-4.9204781716,2.66417866817,0.5,9.62364878779,145.78667344,-4.81240450706,2.15815451384,0.0,-0.0275034615525,0.0612729090502,-1.67507029554,0.0,0.15384931025,0.00596432193824,0.0,0.0,0.0,0.00702909594061
377,7.07,4.07946979668,119.827634323,-4.9204781716,2.66417866817,0.5,9.64565309415,145.880617969,-4.81197557321,2.15632323647,0.0,-0.0197365062455,0.05521728323,-1.67439670998,0.0,0.177737253407,0.0616977271624,0.0,0.0,0.0,0.0221807016592
378,7.1,4.07946979668,119.827634323,-4.9204781716,2.66417866817,0.5,9.60250075965,145.99504411,-4.81281674932,2.15409270741,0.0,-0.0212806343938,0.0425099920665,-1.67230368048,0.0,0.230605237916,-0.0609280407036,0.0,0.0,0.0,0.217157055805
379,7.13,4.07946979668,119.827634323,-4.9204781716,2.66417866817,0.5,9.57327045557,146.110820194,-4.81338654083,2.15183586366,0.0,-0.0207987401444,0.0290575651608,-1.6698146311,0.0,0.23026620291,-0.0340793712446,0.0,0.0,0.0,0.247193106894
380,7.15,4.07946979668,119.827634323,-4.9204781716,2.66417866817,0.5,9.67114144994,146.167741483,-4.81147872417,2.15072628687,0.0,-0.00352981574426,0.0268233433903,-1.66792585109,0.0,0.0916044884768,0.20089082225,0.0,0.0,0.0,0.140597099182
381,7.17,4.07946979668,119.827634323,-4.9204781716,2.66417866817,0.5,9.4193886552,146.02183568,-4.81638618606,2.15357045458,0.0,-0.0397176615218,0.0585718990773,-1.66255753294,0.0,-0.121059433179,-0.27742861389,0.0,0.0,0.0,0.552063284097
382,7.21,4.07946979668,119.827634323,-4.9204781716,2.66417866817,0.5,9.41126178833,146.084755311,-4.81654460452,2.15234395105,0.0,-0.0385090898726,0.0634771246949,-1.66008082596,0.0,0.123693408048,-0.00477680377205,0.0,0.0,0.0,0.240180751339
383,7.23,4.07946979668,119.827634323,-4.9204781716,2.66417866817,0.5,9.40164130349,146.148147309,-4.81673213833,2.15110823958,0.0,-0.037362479791,0.0683278936762,-1.65769233697,0.0,0.12472400244,-0.00805759454074,0.0,0.0,0.0,0.231298000283
384,7.25,4.07946979668,119.827634323,-4.9204781716,2.66417866817,0.5,9.39171618909,146.211340275,-4.81692561035,2.1498764079,0.0,-0.036217833912,0.0731805246329,-1.65529009839,0.0,0.124369340586,-0.00898229871008,0.0,0.0,0.0,0.232131841019
385,7.27,4.07946979668,119.827634323,-4.9204781716,2.66417866817,0.5,9.38152153959,146.27436984,-4.81712433646,2.1486477614,0.0,-0.0350730758891,0.0780343405476,-1.65287578334,0.0,0.124074419825,-0.00983288061316,0.0,0.0,0.0,0.232784606632
386,7.28,4.07946979668,119.827634323,-4.9204781716,2.66417866817,0.5,9.37108539341,146.337264737,-4.81732777011,2.14742174002,0.0,-0.0339265378305,0.082888799191,-1.65045069739,0.0,0.123827471465,-0.0106244026598,0.0,0.0,0.0,0.233293398001
387,7.3,4.07946979668,119.827634323,-4.9204781716,2.66417866817,0.5,9.3604301333,146.40004818,-4.81753547498,2.14619789122,0.0,-0.0327768780462,0.0877434658293,-1.64801585416,0.0,0.123619034887,-0.011368937413,0.0,0.0,0.0,0.233687841851
388,7.32,4.07946979668,119.827634323,-4.9204781716,2.66417866817,0.5,9.34957361102,146.462738975,-4.8177471031,2.14497584843,0.0,-0.0316230150411,0.0925979911398,-1.64557203528,0.0,0.123441541881,-0.0120761318358,0.0,0.0,0.0,0.233991589231
389,7.36,4.07946979668,119.827634323,-4.9204781716,2.66417866817,0.5,9.40657008805,146.573277189,-4.81663606066,2.14282110743,0.0,-0.0176193178883,0.0896216001667,-1.64253231457,0.0,0.206785130698,0.126499626245,0.0,0.0,0.0,0.176664206535
390,7.38,4.07946979668,119.827634323,-4.9204781716,2.66417866817,0.5,9.45724226686,146.676070613,-4.81564829889,2.14081733698,0.0,-0.003723220319,0.0868495487824,-1.63939372898,0.0,0.19289596504,0.11235970426,0.0,0.0,0.0,0.191439461169
391,7.41,4.07946979668,119.827634323,-4.9204781716,2.66417866817,0.5,9.40735226957,146.763702317,-4.81662081346,2.13910911662,0.0,-0.0129861176709,0.083056308806,-1.63876401676,0.0,0.17715547734,-0.0854624228757,0.0,0.0,0.0,0.141711566099
392,7.44,4.07946979668,119.827634323,-4.9204781716,2.66417866817,0.5,9.38328986049,146.859996008,-4.81708986627,2.13723204662,0.0,-0.0191255662128,0.0779624385496,-1.63780455321,0.0,0.190524060034,-0.0341641440737,0.0,0.0,0.0,0.145339141442
393,7.47,4.07946979668,119.827634323,-4.9204781716,2.66417866817,0.5,9.37045381647,146.961832217,-4.81734008155,2.13524693534,0.0,-0.0230292225199,0.0716588304823,-1.6365696772,0.0,0.199806892973,-0.0118271935177,0.0,0.0,0.0,0.152683358825
394,7.48,4.07946979668,119.827634323,-4.9204781716,2.66417866817,0.5,9.36572680162,147.06760004,-4.81743222609,2.13318518441,0.0,-0.0246722032043,0.0640689592283,-1.63513066943,0.0,0.206403083413,0.0041822890883,0.0,0.0,0.0,0.155065371798
395,7.51,4.07946979668,119.827634323,-4.9204781716,2.66417866817,0.5,9.35109179353,147.144918606,-4.8177175089,2.13167799989,0.0,-0.0285865218098,0.0596594525827,-1.63507106949,0.0,0.152214635867,-0.0187851361478,0.0,0.0,0.0,0.0301482777335
396,7.53,4.07946979668,119.827634323,-4.9204781716,2.66417866817,0.5,9.34385229505,147.224077911,-4.81785862973,2.13013493351,0.0,-0.0315785847191,0.0550851112078,-1.63518607265,0.0,0.154888117426,-0.00414743351289,0.0,0.0,0.0,0.00566563358373
397,7.54,4.07946979668,119.827634323,-4.9204781716,2.66417866817,0.5,9.33695690483,147.303593251,-4.81799304279,2.12858492689,0.0,-0.0342672383593,0.0505109681526,-1.63529129329,0.0,0.155536304091,-0.00341917847565,0.0,0.0,0.0,0.00367563612155
398,7.57,4.07946979668,119.827634323,-4.9204781716,2.66417866817,0.5,9.32937881665,147.382625592,-4.81814076381,2.12704433543,0.0,-0.0368566383205,0.0460894903193,-1.63537887023,0.0,0.154679193742,-0.00479412702102,0.0,0.0,0.0,0.00375195170295
399,7.59,4.07946979668,119.827634323,-4.9204781716,2.66417866817,0.5,9.33275493497,147.4686722,-4.81807495253,2.12536701364,0.0,-0.0370788586631,0.0402391680798,-1.63534303132,0.0,0.166977385375,0.0174123082278,0.0,0.0,0.0,0.00456640953692
400,7.62,4.07946979668,119.827634323,-4.9204781716,2.66417866817,0.5,9.34230940508,147.558387192,-4.81788870555,2.1236181834,0.0,-0.0351976244999,0.0330989769584,-1.63524442814,0.0,0.173347917843,0.0298823521085,0.0,0.0,0.0,0.00298851214614
401,7.64,4.07946979668,119.827634323,-4.9204781716,2.66417866817,0.5,9.35599191678,147.650625837,-4.81762198993,2.12182015912,0.0,-0.0312255321653,0.0246451585012,-1.63513862902,0.0,0.177751813259,0.0382180553597,0.0,0.0,0.0,-0.000859554003911
402,7.67,4.07946979668,119.827634323,-4.9204781716,2.66417866817,0.5,9.37212931205,147.744668966,-4.81730742082,2.11998695973,0.0,-0.025220542063,0.0148767606886,-1.63509670169,0.0,0.180963621205,0.0432132144766,0.0,0.0,0.0,-0.00764470957454
403,7.69,4.07946979668,119.827634323,-4.9204781716,2.66417866817,0.5,9.47974198934,147.780689742,-4.81520970781,2.11928480035,0.0,-0.00533330132987,0.0153065265487,-1.63501355479,0.0,0.0565380976124,0.214061910061,0.0,0.0,0.0,-0.0217348313231
404,7.71,4.07946979668,119.827634323,-4.9204781716,2.66417866817,0.5,9.5839717049,147.818667651,-4.81317793948,2.11854449024,0.0,0.0143748501438,0.0156313296802,-1.63492707711,0.0,0.0608959737833,0.20748790018,0.0,0.0,0.0,-0.0218384010091
405,7.73,4.07946979668,119.827634323,-4.9204781716,2.66417866817,0.5,9.68831711543,147.856655668,-4.81114391588,2.11780398309,0.0,0.0340904875757,0.0159560397099,-1.63484841528,0.0,0.060921117702,0.207642117775,0.0,0.0,0.0,-0.0232717874937
406,7.76,4.07946979668,119.827634323,-4.9204781716,2.66417866817,0.5,9.4884551709,148.081887557,-4.81503986022,2.11341349791,0.0,0.0131581199949,-0.0122378817274,-1.63477165432,0.0,0.463544779358,-0.361227667936,0.0,0.0,0.0,0.0116703484144
407,7.76,4.07946979668,119.827634323,-4.9204781716,2.66417866817,0.5,9.57099017282,148.13944294,-4.81343099078,2.11229156062,0.0,0.0264838041252,-0.0167460120481,-1.63469581049,0.0,0.101436166751,0.168023962455,0.0,0.0,0.0,0.0268769172494
408,7.78,4.07946979668,119.827634323,-4.9204781716,2.66417866817,0.5,9.65060769106,148.198338458,-4.81187899238,2.11114349985,0.0,0.0396676994022,-0.0213185070825,-1.63467129782,0.0,0.104612403828,0.162162084928,0.0,0.0,0.0,0.0275421133514
409,7.81,4.07946979668,119.827634323,-4.9204781716,2.66417866817,0.5,9.7301697313,148.257192303,-4.81032807541,2.10999625141,0.0,0.0528528139358,-0.0258884892135,-1.63471556877,0.0,0.104524279306,0.162030720352,0.0,0.0,0.0,0.0266920295396
410,7.82,4.07946979668,119.827634323,-4.9204781716,2.66417866817,0.5,9.80965372838,148.315992723,-4.80877867976,2.10885004439,0.0,0.066039552196,-0.0304552529758,-1.63482809232,0.0,0.104405015943,0.161861156338,0.0,0.0,0.0,0.0258928749623
411,7.84,4.07946979668,119.827634323,-4.9204781716,2.66417866817,0.5,9.46325599377,148.112957541,-4.81553107225,2.11280784521,0.0,0.00384711270015,0.0172382330782,-1.62946348587,0.0,-0.0650921889843,-0.212100688932,0.0,0.0,0.0,0.302330163844
412,7.85,4.07946979668,119.827634323,-4.9204781716,2.66417866817,0.5,9.366312319,148.08126859,-4.8174208125,2.11342556356,0.0,-0.012574457192,0.0320906418751,-1.62698933656,0.0,-0.0505869736893,-0.192457722928,0.0,0.0,0.0,0.287915928014
413,7.86,4.07946979668,119.827634323,-4.9204781716,2.66417866817,0.5,9.26818913832,148.049879049,-4.81933354506,2.11403744544,0.0,-0.0290320911473,0.0469628687775,-1.62472128796,0.0,-0.0502442056931,-0.194538839415,0.0,0.0,0.0,0.291843080197
414,7.87,4.07946979668,119.827634323,-4.9204781716,2.66417866817,0.5,9.16909934398,148.018945721,-4.82126512,2.1146404343,0.0,-0.0455219874816,0.0618495414246,-1.62266145587,0.0,-0.0495870498624,-0.196201518737,0.0,0.0,0.0,0.295658948793
415,7.88,4.07946979668,119.827634323,-4.9204781716,2.66417866817,0.5,9.06922450765,147.988606944,-4.8232119979,2.11523183344,0.0,-0.0620426735401,0.0767457764711,-1.62081151252,0.0,-0.0486444524936,-0.197510195769,0.0,0.0,0.0,0.299393201145
416,7.89,4.07946979668,119.827634323,-4.9204781716,2.66417866817,0.5,8.96872133652,147.958986332,-4.82517112404,2.11580923329,0.0,-0.0785945002179,0.0916470725353,-1.61917282885,0.0,-0.0474396225616,-0.19851574811,0.0,0.0,0.0,0.303071484096
417,7.9,4.07946979668,119.827634323,-4.9204781716,2.66417866817,0.5,8.86772682754,147.930195744,-4.82713982792,2.11637045334,0.0,-0.0951792447494,0.106549223516,-1.61774658613,0.0,-0.0459912664441,-0.199258171458,0.0,0.0,0.0,0.306715669056
418,7.92,4.07946979668,119.827634323,-4.9204781716,2.66417866817,0.5,8.90945433986,148.04670117,-4.82632642612,2.1140993924,0.0,-0.0888470288645,0.102027102891,-1.61565204481,0.0,0.223327783185,0.0917389859534,0.0,0.0,0.0,0.143490178596
419,7.93,4.07946979668,119.827634323,-4.9204781716,2.66417866817,0.5,8.94803562342,148.16115836,-4.82557435432,2.11186825808,0.0,-0.0827334803111,0.0976074026312,-1.61364810516,0.0,0.219652034176,0.0848025538853,0.0,0.0,0.0,0.139471172688
420,7.95,4.07946979668,119.827634323,-4.9204781716,2.66417866817,0.5,8.98673697199,148.275506926,-4.82481994207,2.1096392412,0.0,-0.0766256125692,0.0931820749201,-1.61166984483,0.0,0.219595688647,0.0845900850715,0.0,0.0,0.0,0.139648220347
421,7.96,4.07946979668,119.827634323,-4.9204781716,2.66417866817,0.5,9.01773225751,148.388061217,-4.82421574547,2.10744520044,0.0,-0.0687810411988,0.0869662503294,-1.6098986877,0.0,0.216892387278,0.0691353476293,0.0,0.0,0.0,0.106562700046
422,7.97,4.07946979668,119.827634323,-4.9204781716,2.66417866817,0.5,9.04681146867,148.499096781,-4.82364889925,2.10528076451,0.0,-0.0610793057347,0.080826103606,-1.60820483659,0.0,0.214157358325,0.0648650437067,0.0,0.0,0.0,0.104845656808
423,7.99,4.07946979668,119.827634323,-4.9204781716,2.66417866817,0.5,9.08733261253,148.621736716,-4.8228590134,2.10289012249,0.0,-0.0479077891692,0.0701700775409,-1.60649555062,0.0,0.23621043914,0.0877925179715,0.0,0.0,0.0,0.0715626393883
424,8.0,4.07946979668,119.827634323,-4.9204781716,2.66417866817,0.5,9.12534764087,148.742098844,-4.82211797971,2.10054388217,0.0,-0.034934822322,0.0596353943716,-1.60494759036,0.0,0.231990167861,0.0822753945779,0.0,0.0,0.0,0.0706546824516
425,8.01,4.07946979668,119.827634323,-4.9204781716,2.66417866817,0.5,9.2023908927,148.872940983,-4.82061616194,2.09799335315,0.0,-0.0067107445441,0.0409742155729,-1.60266510785,0.0,0.250230028885,0.158877091889,0.0,0.0,0.0,0.0863059711165
426,8.02,4.07946979668,119.827634323,-4.9204781716,2.66417866817,0.5,9.08954650571,148.865174822,-4.82281585759,2.09814474031,0.0,-0.0162718072256,0.0509475891214,-1.60348213022,0.0,-0.00778727341891,-0.220506597012,0.0,0.0,0.0,-0.0390262019213
427,8.04,4.07946979668,119.827634323,-4.9204781716,2.66417866817,0.5,8.98741950108,148.862054822,-4.82480663741,2.09820555903,0.0,-0.0251799146129,0.0607117495914,-1.60425533055,0.0,0.000622302761642,-0.199089308771,0.0,0.0,0.0,-0.0276112769041
428,8.05,4.07946979668,119.827634323,-4.9204781716,2.66417866817,0.5,8.91704572164,148.883587239,-4.82617844597,2.0977858238,0.0,-0.0310932478001,0.0684685857566,-1.60531458753,0.0,0.0467104340591,-0.135546210807,0.0,0.0,0.0,-0.0677728575562
429,8.06,4.07946979668,119.827634323,-4.9204781716,2.66417866817,0.5,8.87631836575,148.928086029,-4.82697235154,2.096918401,0.0,-0.0342047578797,0.0743522474295,-1.60659448234,0.0,0.089542848075,-0.0761440653275,0.0,0.0,0.0,-0.105803230619
430,8.08,4.07946979668,119.827634323,-4.9204781716,2.66417866817,0.5,8.83556883729,148.972561516,-4.82776668933,2.09605143243,0.0,-0.0373291796456,0.0802329459335,-1.60788929374,0.0,0.0895841773863,-0.0760939525334,0.0,0.0,0.0,-0.10535559662
431,8.1,4.07946979668,119.827634323,-4.9204781716,2.66417866817,0.5,8.84456471414,149.043585704,-4.82759133111,2.09466694534,0.0,-0.0334489758507,0.0824793595372,-1.60864666248,0.0,0.137749193429,0.0228280708545,0.0,0.0,0.0,-0.107286784248
432,8.11,4.07946979668,119.827634323,-4.9204781716,2.66417866817,0.5,8.85660566321,149.114102973,-4.82735661475,2.09329233971,0.0,-0.0284975572348,0.084280096359,-1.60920535414,0.0,0.13650724837,0.0287606988463,0.0,0.0,0.0,-0.0971109783939
433,8.11,4.07946979668,119.827634323,-4.9204781716,2.66417866817,0.5,8.86811330657,149.184314624,-4.82713229422,2.09192369154,0.0,-0.0235807610856,0.0861010826804,-1.60975764743,0.0,0.135929955217,0.0277606353478,0.0,0.0,0.0,-0.0970652677496
434,8.14,4.07946979668,119.827634323,-4.9204781716,2.66417866817,0.5,8.90075619301,149.26084765,-4.82649598064,2.09043181968,0.0,-0.0122313154635,0.0845307647914,-1.60957855675,0.0,0.146769915699,0.0694814718368,0.0,0.0,0.0,-0.0788509474723
435,8.15,4.07946979668,119.827634323,-4.9204781716,2.66417866817,0.5,8.92694051239,149.333878864,-4.82598556506,2.08900820927,0.0,-0.000259650727314,0.0825037181603,-1.60948165956,0.0,0.14038500171,0.0565360713001,0.0,0.0,0.0,-0.0901695870298
436,8.16,4.07946979668,119.827634323,-4.9204781716,2.66417866817,0.5,8.95470301323,149.40806489,-4.82544438571,2.08756208792,0.0,0.0133332759203,0.0794702829888,-1.60939673959,0.0,0.142547513794,0.0596719414923,0.0,0.0,0.0,-0.101460388313
437,8.18,4.07946979668,119.827634323,-4.9204781716,2.66417866817,0.5,8.98148884385,149.481876824,-4.82492224476,2.0861232588,0.0,0.026861398409,0.0764640608299,-1.60937542336,0.0,0.141883698677,0.057693010245,0.0,0.0,0.0,-0.103238218557
438,8.19,4.07946979668,119.827634323,-4.9204781716,2.66417866817,0.5,8.89009342318,149.487914897,-4.82670383191,2.08600555757,0.0,0.0166112886699,0.0939563404519,-1.60967812794,0.0,0.0186824631254,-0.161668849524,0.0,0.0,0.0,0.0777681926301
439,8.22,4.07946979668,119.827634323,-4.9204781716,2.66417866817,0.5,8.83117149829,149.513774304,-4.82785240744,2.08550147556,0.0,0.0106437462425,0.108471011481,-1.60994588333,0.0,0.0550674888504,-0.112754994645,0.0,0.0,0.0,0.0335160654163
440,8.24,4.07946979668,119.827634323,-4.9204781716,2.66417866817,0.5,8.79264980002,149.554990504,-4.82860331774,2.08469804086,0.0,0.0067395862678,0.121653840368,-1.61028397871,0.0,0.0834311655291,-0.0718073651232,0.0,0.0,0.0,0.0110053317646
441,8.25,4.07946979668,119.827634323,-4.9204781716,2.66417866817,0.5,8.78051603298,149.616544645,-4.82883984341,2.08349815508,0.0,0.00572922680476,0.132949494407,-1.61067656004,0.0,0.120976405586,-0.0188043693275,0.0,0.0,0.0,-0.0264256923803
442,8.29,4.07946979668,119.827634323,-4.9204781716,2.66417866817,0.5,8.76885997299,149.678536082,-4.82906705706,2.08228974499,0.0,0.00474826517105,0.144222976359,-1.61107058882,0.0,0.121809588428,-0.0177988158838,0.0,0.0,0.0,-0.0258513591499
443,8.31,4.07946979668,119.827634323,-4.9204781716,2.66417866817,0.5,8.7571142264,149.740577224,-4.82929601898,2.081080366,0.0,0.00375527604911,0.155499998111,-1.61146877742,0.0,0.121933315674,-0.0179207511059,0.0,0.0,0.0,-0.0249931793235
444,8.32,4.07946979668,119.827634323,-4.9204781716,2.66417866817,0.5,8.74530624437,149.802700157,-4.82952619407,2.07986939265,0.0,0.00275177369948,0.166779773308,-1.61187259959,0.0,0.12211752135,-0.0179857474929,0.0,0.0,0.0,-0.024281423758
445,8.36,4.07946979668,119.827634323,-4.9204781716,2.66417866817,0.5,8.83208463685,149.910616868,-4.82783460747,2.07776575306,0.0,0.0225022511978,0.167563034372,-1.60964348941,0.0,0.203883124213,0.177303739797,0.0,0.0,0.0,-0.105804354426
446,8.38,4.07946979668,119.827634323,-4.9204781716,2.66417866817,0.5,8.91390326132,150.015240091,-4.82623970251,2.07572631401,0.0,0.0419324026467,0.168519296673,-1.60742739547,0.0,0.198145543688,0.166729760397,0.0,0.0,0.0,-0.103372649011
447,8.4,4.07946979668,119.827634323,-4.9204781716,2.66417866817,0.5,8.99567301604,150.11984812,-4.82464575017,2.07368717115,0.0,0.0613715746059,0.169458999095,-1.60520437999,0.0,0.198494573144,0.166130401916,0.0,0.0,0.0,-0.104648125536
448,8.42,4.07946979668,119.827634323,-4.9204781716,2.66417866817,0.5,9.07731388334,150.224437243,-4.82305431027,2.07164839682,0.0,0.0808182225299,0.170382428345,-1.60297476562,0.0,0.198840831547,0.165372891044,0.0,0.0,0.0,-0.105899669571
449,8.45,4.07946979668,119.827634323,-4.9204781716,2.66417866817,0.5,9.1587508935,150.32900577,-4.82146684418,2.06961002397,0.0,0.100271210027,0.171289769272,-1.60073876111,0.0,0.199186885791,0.164467271051,0.0,0.0,0.0,-0.107122834461
450,8.46,4.07946979668,119.827634323,-4.9204781716,2.66417866817,0.5,8.88455765282,150.669825303,-4.82681174166,2.06296636836,0.0,0.0480428354267,0.12030025499,-1.60542765602,0.0,0.431171404921,-0.179297470871,0.0,0.0,0.0,-0.227915464376
451,8.48,4.07946979668,119.827634323,-4.9204781716,2.66417866817,0.5,8.7961368942,150.879987089,-4.82853534319,2.05886964738,0.0,0.0307593528424,0.0969399454752,-1.60933094287,0.0,0.416368099764,-0.157348611499,0.0,0.0,0.0,-0.20294694157
452,8.5,4.07946979668,119.827634323,-4.9204781716,2.66417866817,0.5,8.70582601102,151.090472114,-4.83029578926,2.05476662545,0.0,0.0135081455886,0.0735381916174,-1.61282945344,0.0,0.41752445777,-0.159422703257,0.0,0.0,0.0,-0.202967774236
453,8.53,4.07946979668,119.827634323,-4.9204781716,2.66417866817,0.5,8.61391053601,151.301031615,-4.83208751392,2.05066215175,0.0,-0.00371827655456,0.0501054122252,-1.61592741438,0.0,0.418125234962,-0.161122128627,0.0,0.0,0.0,-0.203357215713
454,8.55,4.07946979668,119.827634323,-4.9204781716,2.66417866817,0.5,8.52064239348,151.511435602,-4.83390560636,2.04656070952,0.0,-0.0209298892269,0.0266509752185,-1.61862843401,0.0,0.418204089157,-0.16251491366,0.0,0.0,0.0,-0.204057018373
455,8.56,4.07946979668,119.827634323,-4.9204781716,2.66417866817,0.5,8.42624702183,151.721469007,-4.83574567209,2.04246649109,0.0,-0.0381385812927,0.00318345086077,-1.62093539757,0.0,0.417788154167,-0.163654028095,0.0,0.0,0.0,-0.205024406103
456,8.57,4.07946979668,119.827634323,-4.9204781716,2.66417866817,0.5,8.33092903372,151.930928669,-4.83760372254,2.03838345674,0.0,-0.0553577235574,-0.0202891877634,-1.62285039316,0.0,0.416899060339,-0.164580838187,0.0,0.0,0.0,-0.206228136834
457,8.59,4.07946979668,119.827634323,-4.9204781716,2.66417866817,0.5,8.2348766926,152.13962097,-4.83947608786,2.03431538069,0.0,-0.0726018484619,-0.0437594054036,-1.62437465929,0.0,0.415554327846,-0.165327170865,0.0,0.0,0.0,-0.207645514447
458,8.6,4.07946979668,119.827634323,-4.9204781716,2.66417866817,0.5,8.42354590809,152.168725436,-4.83579832538,2.03374804217,0.0,-0.0494208923248,-0.0360266482972,-1.62860904668,0.0,0.0357703611741,0.371486873062,0.0,0.0,0.0,-0.33148178801
459,8.6,4.07946979668,119.827634323,-4.9204781716,2.66417866817,0.5,8.60395556072,152.201966093,-4.83228156802,2.03310007615,0.0,-0.0267843344918,-0.0284438305508,-1.63251723193,0.0,0.0435350826549,0.355438723085,0.0,0.0,0.0,-0.31785830651
460,8.61,4.07946979668,119.827634323,-4.9204781716,2.66417866817,0.5,8.78489552148,152.236221353,-4.82875447327,2.0324323323,0.0,-0.00416080436553,-0.0208299186557,-1.6362890293,0.0,0.0441477035243,0.356647695273,0.0,0.0,0.0,-0.321445565015
461,8.61,4.07946979668,119.827634323,-4.9204781716,2.66417866817,0.5,8.96621849753,152.271530946,-4.82521991233,2.03174403614,0.0,0.0184490340077,-0.01318751286,-1.6399231109,0.0,0.0448970622709,0.357578482094,0.0,0.0,0.0,-0.324951950062
462,8.63,4.07946979668,119.827634323,-4.9204781716,2.66417866817,0.5,9.14778557409,152.307933105,-4.8216805931,2.03103444239,0.0,0.0410452785757,-0.00551924554934,-1.64341864678,0.0,0.0457828098462,0.358248018956,0.0,0.0,0.0,-0.328418011977
463,8.63,4.07946979668,119.827634323,-4.9204781716,2.66417866817,0.5,9.32946430881,152.345464835,-4.81813909729,2.03030282973,0.0,0.0636285937699,0.00217223129293,-1.64677520203,0.0,0.0468048063763,0.358669410428,0.0,0.0,0.0,-0.331876309635
464,8.64,4.07946979668,119.827634323,-4.9204781716,2.66417866817,0.5,9.51112726255,152.384162098,-4.81459790911,2.02954849712,0.0,0.0862000614949,0.00988425652949,-1.64999265598,0.0,0.0479629809748,0.358852792131,0.0,0.0,0.0,-0.335352936781
465,8.65,4.07946979668,119.827634323,-4.9204781716,2.66417866817,0.5,9.27040506953,152.76544606,-4.81929034952,2.02211606121,0.0,0.0389901546952,-0.041376094321,-1.65019559364,0.0,0.498459905141,-0.189542248784,0.0,0.0,0.0,-0.384890269461
466,8.66,4.07946979668,119.827634323,-4.9204781716,2.66417866817,0.5,8.91517533013,152.784689827,-4.82621490585,2.02174093905,0.0,-0.0478845808764,-0.0188713021384,-1.65234449077,0.0,0.278651641397,-0.312441726824,0.0,0.0,0.0,-0.633614829013
467,8.67,4.07946979668,119.827634323,-4.9204781716,2.66417866817,0.5,8.96943694025,152.96927888,-4.82515717465,2.01814271189,0.0,-0.0607034516512,-0.039154578922,-1.65175432569,0.0,0.350124741021,0.134836327316,0.0,0.0,0.0,0.0212838270995
468,8.67,4.07946979668,119.827634323,-4.9204781716,2.66417866817,0.5,9.02038535757,153.149666241,-4.82416402812,2.01462638906,0.0,-0.0737652619219,-0.0592273089268,-1.65075251449,0.0,0.34228952841,0.127359301244,0.0,0.0,0.0,0.03595060615
469,8.68,4.07946979668,119.827634323,-4.9204781716,2.66417866817,0.5,9.07067912267,153.329648187,-4.82318364283,2.01111796906,0.0,-0.0869326752293,-0.079276549965,-1.64948105988,0.0,0.341662564353,0.1256573231,0.0,0.0,0.0,0.0360255635181
470,8.69,4.07946979668,119.827634323,-4.9204781716,2.66417866817,0.5,9.20558689929,153.442397982,-4.82055386161,2.00892011731,0.0,-0.0844089457764,-0.0876556217827,-1.6473616021,0.0,0.198900360684,0.279344382337,0.0,0.0,0.0,0.232813229063
471,8.7,4.07946979668,119.827634323,-4.9204781716,2.66417866817,0.5,9.3346874625,153.556217593,-4.81803728143,2.00670141144,0.0,-0.0822802096875,-0.0961218313703,-1.64513273849,0.0,0.202473935058,0.267613171933,0.0,0.0,0.0,0.24241983103
472,8.71,4.07946979668,119.827634323,-4.9204781716,2.66417866817,0.5,9.46372804233,153.669874858,-4.81552187052,2.00448587021,0.0,-0.0801802708568,-0.104586281431,-1.64292420472,0.0,0.20275144969,0.2670237652,0.0,0.0,0.0,0.24189207542
473,8.72,4.07946979668,119.827634323,-4.9204781716,2.66417866817,0.5,9.59276701529,153.783377404,-4.81300649093,2.00227334495,0.0,-0.0781046988462,-0.113049544965,-1.64073499621,0.0,0.203028986445,0.26655300608,0.0,0.0,0.0,0.241462571148
474,8.73,4.07946979668,119.827634323,-4.9204781716,2.66417866817,0.5,9.72185103046,153.896730426,-4.81049023332,2.00006373438,0.0,-0.0760498814764,-0.121512108895,-1.63856426367,0.0,0.203304463232,0.266177530505,0.0,0.0,0.0,0.241117453652
475,8.75,4.07946979668,119.827634323,-4.9204781716,2.66417866817,0.5,9.85101730802,154.009937108,-4.80797237216,1.99785697645,0.0,-0.0740128663937,-0.129974382863,-1.6364112857,0.0,0.203575910346,0.265878595314,0.0,0.0,0.0,0.240844794408
476,8.77,4.07946979668,119.827634323,-4.9204781716,2.66417866817,0.5,9.98029548839,154.122998974,-4.80545232966,1.99565304144,0.0,-0.0719912330671,-0.138436708197,-1.63427544626,0.0,0.203841767977,0.265641093768,0.0,0.0,0.0,0.240634380697
477,8.78,4.07946979668,119.827634323,-4.9204781716,2.66417866817,0.5,10.1097091188,154.235916182,-4.80292964681,1.99345192627,0.0,-0.0699829895,-0.146899366553,-1.63215621621,0.0,0.204100565506,0.26545290917,0.0,0.0,0.0,0.240477506189
478,8.79,4.07946979668,119.827634323,-4.9204781716,2.66417866817,0.5,10.2414651191,154.335040992,-4.80036130372,1.99151966878,0.0,-0.0564155177905,-0.147492783068,-1.63012319563,0.0,0.177141605505,0.268375082117,0.0,0.0,0.0,0.401693558578
479,8.8,4.07946979668,119.827634323,-4.9204781716,2.66417866817,0.5,10.3607480121,154.448311422,-4.79803610113,1.98931166818,0.0,-0.0430593286119,-0.148794942282,-1.62863120234,0.0,0.20661827744,0.244977334936,0.0,0.0,0.0,0.34626335371
480,8.82,4.07946979668,119.827634323,-4.9204781716,2.66417866817,0.5,10.358772203,154.482653236,-4.79807461593,1.98864223711,0.0,-0.0479593135792,-0.13822122201,-1.62487139681,0.0,0.0669973788251,-0.000698222733631,0.0,0.0,0.0,0.305912871388
481,8.83,4.07946979668,119.827634323,-4.9204781716,2.66417866817,0.5,10.3810693469,154.543735041,-4.79763997374,1.98745155865,0.0,-0.0479427620776,-0.12768187076,-1.62377274969,0.0,0.116447961634,0.0496537444782,0.0,0.0,0.0,0.110107024626
482,8.84,4.07946979668,119.827634323,-4.9204781716,2.66417866817,0.5,10.3909899263,154.609784857,-4.79744659013,1.98616403788,0.0,-0.0475989941219,-0.115616979719,-1.62334787099,0.0,0.127381865251,0.0260435585987,0.0,0.0,0.0,0.0466653369449
483,8.86,4.07946979668,119.827634323,-4.9204781716,2.66417866817,0.5,10.3892303298,154.673874143,-4.79748089026,1.98491473406,0.0,-0.0474579271137,-0.101472104052,-1.62344805971,0.0,0.124727286325,0.00316615176995,0.0,0.0,0.0,-0.00849714871689
484,8.86,4.07946979668,119.827634323,-4.9204781716,2.66417866817,0.5,10.3926377521,154.738579397,-4.79741446877,1.98365342306,0.0,-0.0451828871426,-0.0863516673308,-1.62383593267,0.0,0.12538896649,0.0134011521596,0.0,0.0,0.0,-0.0174478809277
485,8.87,4.07946979668,119.827634323,-4.9204781716,2.66417866817,0.5,10.3686299895,154.787869705,-4.79788245634,1.98269259834,0.0,-0.0466659714056,-0.066754654516,-1.6249383436,0.0,0.0981734694353,-0.0413717869824,0.0,0.0,0.0,-0.121667952545
486,8.88,4.07946979668,119.827634323,-4.9204781716,2.66417866817,0.5,10.3522176275,154.840551577,-4.79820238543,1.98166566127,0.0,-0.0470245912441,-0.0458356222503,-1.6260881102,0.0,0.104071794139,-0.0260504618165,0.0,0.0,0.0,-0.116995720315
487,8.89,4.07946979668,119.827634323,-4.9204781716,2.66417866817,0.5,10.4750611142,154.972677871,-4.79580777555,1.97909009998,0.0,-0.024805865247,-0.0373890859968,-1.6269352121,0.0,0.243723506831,0.253943554335,0.0,0.0,0.0,0.0077570729854
488,8.9,4.07946979668,119.827634323,-4.9204781716,2.66417866817,0.5,10.5945566941,155.10210642,-4.79347842701,1.97656712631,0.0,-0.00278392123616,-0.0288167196704,-1.62760293519,0.0,0.238609195198,0.246992456388,0.0,0.0,0.0,0.00611701710308
489,8.91,4.07946979668,119.827634323,-4.9204781716,2.66417866817,0.5,10.5268589256,155.089566982,-4.79479807163,1.9768115598,0.0,-0.0117597507716,0.00192903945638,-1.62748671607,0.0,-0.0172133385675,-0.133436735159,0.0,0.0,0.0,-0.000492099003782
490,8.93,4.07946979668,119.827634323,-4.9204781716,2.66417866817,0.5,10.5770654499,155.169682256,-4.79381938694,1.97524985855,0.0,0.00175918443715,0.0171771879383,-1.62770194233,0.0,0.150441959731,0.106707490806,0.0,0.0,0.0,-0.034371533074
491,8.95,4.07946979668,119.827634323,-4.9204781716,2.66417866817,0.5,10.6253443475,155.248668988,-4.79287827783,1.97371015618,0.0,0.0152031851428,0.0324702753442,-1.62776581455,0.0,0.148475318604,0.102720106298,0.0,0.0,0.0,-0.0397582987642
492,8.96,4.07946979668,119.827634323,-4.9204781716,2.66417866817,0.5,10.6735875389,155.327725084,-4.79193786474,1.97216910168,0.0,0.0286504825041,0.0477649221112,-1.62764234632,0.0,0.148684774679,0.102593474987,0.0,0.0,0.0,-0.0415884250311
493,8.99,4.07946979668,119.827634323,-4.9204781716,2.66417866817,0.5,10.7217491223,155.40691909,-4.79099904245,1.97062535887,0.0,0.042107494516,0.0630580245728,-1.62733207308,0.0,0.149051839481,0.102357334811,0.0,0.0,0.0,-0.0435051100993
494,8.99,4.07946979668,119.827634323,-4.9204781716,2.66417866817,0.5,10.7697841113,155.486316464,-4.79006268789,1.96907765177,0.0,0.0555805947744,0.0783466406644,-1.62683516602,0.0,0.149570120437,0.102012825089,0.0,0.0,0.0,-0.0454921266319
495,9.01,4.07946979668,119.827634323,-4.9204781716,2.66417866817,0.5,10.8176481566,155.565980151,-4.78912966556,1.96752475339,0.0,0.0690761196348,0.093627949537,-1.62615146611,0.0,0.150234299213,0.10156042035,0.0,0.0,0.0,-0.0475365589167
496,9.04,4.07946979668,119.827634323,-4.9204781716,2.66417866817,0.5,10.5705902067,155.789440264,-4.79394561001,1.96316880577,0.0,0.0392916699581,0.0806221074989,-1.63028328516,0.0,0.43459154913,-0.407453381286,0.0,0.0,0.0,-0.149645495109
497,9.05,4.07946979668,119.827634323,-4.9204781716,2.66417866817,0.5,10.3577056626,155.99332244,-4.79809540619,1.95919449434,0.0,0.0140059363662,0.0705349625794,-1.63365583833,0.0,0.422520534801,-0.389641977112,0.0,0.0,0.0,-0.146318814184
498,9.06,4.07946979668,119.827634323,-4.9204781716,2.66417866817,0.5,10.1440496389,156.196651138,-4.80226024096,1.95523097197,0.0,-0.0112664370494,0.0604159606158,-1.63676351229,0.0,0.422686554302,-0.38973429405,0.0,0.0,0.0,-0.145402715155
499,9.09,4.07946979668,119.827634323,-4.9204781716,2.66417866817,0.5,10.0961951636,156.390238702,-4.80319307673,1.95145733525,0.0,-0.0178674586057,0.0474914629508,-1.63153223777,0.0,0.38278924874,-0.069472793438,0.0,0.0,0.0,0.558775749727
500,9.12,4.07946979668,119.827634323,-4.9204781716,2.66417866817,0.5,10.054097806,156.562563173,-4.80401368799,1.94809818376,0.0,-0.0227013934436,0.0350389210235,-1.62457938093,0.0,0.3402186717,-0.0630860166617,0.0,0.0,0.0,0.715254158632
501,9.14,4.07946979668,119.827634323,-4.9204781716,2.66417866817,0.5,10.0083603988,156.728455279,-4.80490525538,1.94486441951,0.0,-0.0274857947155,0.0227704051624,-1.61734664631,0.0,0.327532771527,-0.0732194025137,0.0,0.0,0.0,0.73707667993
502,9.15,4.07946979668,119.827634323,-4.9204781716,2.66417866817,0.5,9.9644767003,156.898876458,-4.8057606881,1.94154236925,0.0,-0.0308543933404,0.00935341247203,-1.61031002173,0.0,0.335565189134,-0.0714874885202,0.0,0.0,0.0,0.70909702486
503,9.17,4.07946979668,119.827634323,-4.9204781716,2.66417866817,0.5,9.9266404209,157.073624322,-4.80649823741,1.93813597812,0.0,-0.0319987933874,-0.00556143568333,-1.60332555717,0.0,0.342940280341,-0.0616786896371,0.0,0.0,0.0,0.698696342536
504,9.17,4.07946979668,119.827634323,-4.9204781716,2.66417866817,0.5,9.89218071183,157.251021021,-4.80716996663,1.93467795282,0.0,-0.0311267983751,-0.0218974108339,-1.59647648381,0.0,0.347340135052,-0.0572451952923,0.0,0.0,0.0,0.686138035114
505,9.19,4.07946979668,119.827634323,-4.9204781716,2.66417866817,0.5,9.8598194452,157.430608508,-4.80780079054,1.93117722207,0.0,-0.028366124506,-0.0396333156022,-1.58986048042,0.0,0.350978787463,-0.0553231347047,0.0,0.0,0.0,0.670126219512
506,9.21,4.07946979668,119.827634323,-4.9204781716,2.66417866817,0.5,9.82955550062,157.612638595,-4.80839073098,1.92762887729,0.0,-0.0237437133228,-0.0587929200819,-1.58356808069,0.0,0.355151602603,-0.0533547323249,0.0,0.0,0.0,0.652013806573
507,9.22,4.07946979668,119.827634323,-4.9204781716,2.66417866817,0.5,9.76214060199,157.694886889,-4.80970486156,1.9260255967,0.0,-0.0310688734133,-0.0632917347594,-1.58120605717,0.0,0.161749936893,-0.129696160736,0.0,0.0,0.0,0.191771972937
508,9.23,4.07946979668,119.827634323,-4.9204781716,2.66417866817,0.5,9.74552708039,157.777717594,-4.81002871188,1.92441096308,0.0,-0.0345265660544,-0.067952075817,-1.58088696032,0.0,0.161767850227,-0.0307598080721,0.0,0.0,0.0,0.00932965220982
509,9.24,4.07946979668,119.827634323,-4.9204781716,2.66417866817,0.5,9.73971974717,157.865891717,-4.81014191526,1.92269216926,0.0,-0.0361451692298,-0.0736884011757,-1.58064976135,0.0,0.171966545752,-0.00959711471496,0.0,0.0,0.0,0.0122863100239
510,9.26,4.07946979668,119.827634323,-4.9204781716,2.66417866817,0.5,9.73074916696,157.945069379,-4.81031678037,1.92114874505,0.0,-0.0391827867531,-0.0776026261328,-1.5806260031,0.0,0.154479549768,-0.0159709149834,0.0,0.0,0.0,-0.0205022420718
511,9.28,4.07946979668,119.827634323,-4.9204781716,2.66417866817,0.5,9.75038094225,158.010946463,-4.80993409469,1.91986459137,0.0,-0.0374229416671,-0.0775867859773,-1.58031835471,0.0,0.128021179312,0.0395243002038,0.0,0.0,0.0,0.0444920006164
512,9.29,4.07946979668,119.827634323,-4.9204781716,2.66417866817,0.5,9.76017156746,158.07991225,-4.8097432443,1.91852022904,0.0,-0.0363857030266,-0.0760820349813,-1.58018251969,0.0,0.134236208588,0.0203415049069,0.0,0.0,0.0,0.0215509253818
513,9.32,4.07946979668,119.827634323,-4.9204781716,2.66417866817,0.5,9.76518113517,158.147325338,-4.80964559191,1.91720613377,0.0,-0.0356788557166,-0.0725380888938,-1.58023219891,0.0,0.131290183441,0.0110027841352,0.0,0.0,0.0,0.000288714251819
514,9.33,4.07946979668,119.827634323,-4.9204781716,2.66417866817,0.5,9.76823127526,158.212411887,-4.80958613499,1.91593739012,0.0,-0.0349211646939,-0.0667312308724,-1.58040781086,0.0,0.126776461339,0.00717206801661,0.0,0.0,0.0,-0.0122758287121
515,9.35,4.07946979668,119.827634323,-4.9204781716,2.66417866817,0.5,9.7966105911,158.295268709,-4.80903293195,1.91432224739,0.0,-0.0287179067835,-0.0651830533472,-1.58055214288,0.0,0.160993711496,0.0569650945662,0.0,0.0,0.0,0.0264404791572
516,9.38,4.07946979668,119.827634323,-4.9204781716,2.66417866817,0.5,9.81559723511,158.369302962,-4.80866282193,1.91287908456,0.0,-0.0231778219362,-0.0627115755748,-1.58051069315,0.0,0.143924764221,0.0384285342184,0.0,0.0,0.0,0.0396048368744
517,9.42,4.07946979668,119.827634323,-4.9204781716,2.66417866817,0.5,9.81863378398,158.433623014,-4.80860362994,1.91162528238,0.0,-0.0200597736601,-0.0585687790172,-1.58029504259,0.0,0.125285603758,0.00708191988163,0.0,0.0,0.0,0.0404703057413
518,9.44,4.07946979668,119.827634323,-4.9204781716,2.66417866817,0.5,9.81258590738,158.492349809,-4.80872152227,1.91048051054,0.0,-0.0189423869243,-0.0529766476169,-1.57996440013,0.0,0.114549143921,-0.0107786410588,0.0,0.0,0.0,0.0393023309478
519,9.46,4.07946979668,119.827634323,-4.9204781716,2.66417866817,0.5,9.86576641944,158.589425246,-4.80768486512,1.90858820182,0.0,-0.0086141178797,-0.0542812668697,-1.57943389594,0.0,0.188276010963,0.105427531517,0.0,0.0,0.0,0.108549894356
520,9.47,4.07946979668,119.827634323,-4.9204781716,2.66417866817,0.5,9.84590317105,158.6487127,-4.80807206294,1.90743250098,0.0,-0.00800630831057,-0.0500291146246,-1.57897153583,0.0,0.115825545929,-0.0378543045287,0.0,0.0,0.0,0.0494928620448
521,9.49,4.07946979668,119.827634323,-4.9204781716,2.66417866817,0.5,9.84465123218,158.719443534,-4.80809646721,1.90605373228,0.0,-0.00553748429414,-0.0471114532572,-1.57894314199,0.0,0.137887106069,-0.00131644609632,0.0,0.0,0.0,0.0148302975043
522,9.51,4.07946979668,119.827634323,-4.9204781716,2.66417866817,0.5,9.84978168143,158.79327617,-4.80799645845,1.9046144996,0.0,-0.00235816978108,-0.044673845872,-1.57905998556,0.0,0.143832911933,0.0111991895977,0.0,0.0,0.0,0.00296213576783
523,9.51,4.07946979668,119.827634323,-4.9204781716,2.66417866817,0.5,9.85094716232,158.864955754,-4.80797373953,1.90321723677,0.0,0.000241901509684,-0.0420980251309,-1.57914099751,0.0,0.139687092356,0.00343527608909,0.0,0.0,0.0,0.00323417426986
524,9.52,4.07946979668,119.827634323,-4.9204781716,2.66417866817,0.5,9.86651699328,158.946892582,-4.80767023405,1.90162002765,0.0,0.00532718894022,-0.0414395671859,-1.57925702038,0.0,0.159466670929,0.0317326292965,0.0,0.0,0.0,0.00966872285245
525,9.53,4.07946979668,119.827634323,-4.9204781716,2.66417866817,0.5,9.84391423401,159.005446082,-4.80811083364,1.90047863387,0.0,0.00415838712235,-0.0363154575752,-1.57895408752,0.0,0.114461362367,-0.0432089566499,0.0,0.0,0.0,0.025803644095
526,9.54,4.07946979668,119.827634323,-4.9204781716,2.66417866817,0.5,9.81414056986,159.055382835,-4.80869121696,1.89950520789,0.0,2.77433943346e-05,-0.0288063402904,-1.57884935566,0.0,0.0977557902982,-0.0573064685288,0.0,0.0,0.0,-0.0029836872029
527,9.55,4.07946979668,119.827634323,-4.9204781716,2.66417866817,0.5,9.88312301203,159.158499656,-4.80734652998,1.8974951334,0.0,0.00972850904465,-0.0288740167589,-1.57886150577,0.0,0.199945905281,0.136200064283,0.0,0.0,0.0,0.0268129871548
528,9.55,4.07946979668,119.827634323,-4.9204781716,2.66417866817,0.5,9.88373993909,159.222503025,-4.80733450411,1.89624750439,0.0,0.0102126449543,-0.0223048274671,-1.57894077895,0.0,0.124680811039,0.00221955060357,0.0,0.0,0.0,-0.00680092842565
529,9.56,4.07946979668,119.827634323,-4.9204781716,2.66417866817,0.5,9.89121908133,159.292729219,-4.80718871186,1.89487857273,0.0,0.0122775853363,-0.01676552059,-1.57923005092,0.0,0.136773265414,0.0157638032235,0.0,0.0,0.0,-0.0248867098798
530,9.56,4.07946979668,119.827634323,-4.9204781716,2.66417866817,0.5,9.90553430329,159.367172903,-4.8069096627,1.89342742879,0.0,0.0162149537591,-0.012315166476,-1.57958398257,0.0,0.144882814833,0.0292121886971,0.0,0.0,0.0,-0.0296597126903
531,9.56,4.07946979668,119.827634323,-4.9204781716,2.66417866817,0.5,9.92790117403,159.445804418,-4.80647366133,1.89189465072,0.0,0.0224257903631,-0.00913346094352,-1.57996068447,0.0,0.15290241483,0.0450328867516,0.0,0.0,0.0,-0.0309995021646
532,9.57,4.07946979668,119.827634323,-4.9204781716,2.66417866817,0.5,10.0224689314,159.572090177,-4.80463023526,1.88943294001,0.0,0.0407174526724,-0.014327737459,-1.58037567281,0.0,0.24448813105,0.18672430404,0.0,0.0,0.0,-0.0200215337746
533,9.57,4.07946979668,119.827634323,-4.9204781716,2.66417866817,0.5,9.97993016476,159.62241358,-4.80545945098,1.888451977,0.0,0.035186528986,-0.0067306593765,-1.57974167371,0.0,0.0987203240697,-0.0820391326395,0.0,0.0,0.0,0.0577813504702
534,9.57,4.07946979668,119.827634323,-4.9204781716,2.66417866817,0.5,9.94335185695,159.675100337,-4.80617247842,1.8874249447,0.0,0.0300611293897,0.000749203001613,-1.57913082707,0.0,0.103308275281,-0.0704920539115,0.0,0.0,0.0,0.0595517864895
535,9.57,4.07946979668,119.827634323,-4.9204781716,2.66417866817,0.5,9.9431662222,159.756130714,-4.80617609703,1.88584540518,0.0,0.0302815852441,0.00431157494499,-1.57872313206,0.0,0.15798717988,0.000935474148657,0.0,0.0,0.0,0.0407220617845
536,9.58,4.07946979668,119.827634323,-4.9204781716,2.66417866817,0.5,9.94289340027,159.838266237,-4.8061814152,1.88424432287,0.0,0.0315272445851,0.00704785293893,-1.57840961382,0.0,0.160118029717,0.000699349890987,0.0,0.0,0.0,0.030646779611
537,9.59,4.07946979668,119.827634323,-4.9204781716,2.66417866817,0.5,9.94182652932,159.919925644,-4.8062022119,1.88265252155,0.0,0.0327308729189,0.00980718372641,-1.57809759754,0.0,0.159189393967,-0.000925408678777,0.0,0.0,0.0,0.0301872787275
538,9.6,4.07946979668,119.827634323,-4.9204781716,2.66417866817,0.5,9.94608078693,160.021120577,-4.80611928291,1.88067991078,0.0,0.0354184405356,0.00643485116578,-1.57824452319,0.0,0.197244889963,0.00977548815069,0.0,0.0,0.0,-0.0169035774866
539,9.6,4.07946979668,119.827634323,-4.9204781716,2.66417866817,0.5,9.93398793257,160.117004254,-4.80635501106,1.87881083326,0.0,0.0359048760305,0.00142048496001,-1.57831610168,0.0,0.187094346424,-0.0221944812647,0.0,0.0,0.0,-0.00730085032145
540,9.63,4.07946979668,119.827634323,-4.9204781716,2.66417866817,0.5,9.92315027372,160.211228242,-4.80656627147,1.87697410834,0.0,0.0360844376121,-0.00542190287866,-1.57821476093,0.0,0.183843327453,-0.019766470672,0.0,0.0,0.0,0.0101743216378
541,9.65,4.07946979668,119.827634323,-4.9204781716,2.66417866817,0.5,9.91463655974,160.305160967,-4.8067322308,1.87514306107,0.0,0.0364900233758,-0.0145713994619,-1.57797470231,0.0,0.183227459555,-0.0152647189065,0.0,0.0,0.0,0.0244431149497
542,9.68,4.07946979668,119.827634323,-4.9204781716,2.66417866817,0.5,9.88368429251,160.378889771,-4.80733558884,1.87370585241,0.0,0.0306030141286,-0.0182110255523,-1.57766342329,0.0,0.144130025995,-0.0593826793765,0.0,0.0,0.0,0.0215986054153
543,9.69,4.07946979668,119.827634323,-4.9204781716,2.66417866817,0.5,9.87944005425,160.462307014,-4.80741832253,1.8720797853,0.0,0.0272410621593,-0.022945495131,-1.57775470569,0.0,0.162661477144,-0.00714686110085,0.0,0.0,0.0,-0.0160440060005
544,9.71,4.07946979668,119.827634323,-4.9204781716,2.66417866817,0.5,9.8862790468,160.55367238,-4.80728500883,1.87029878402,0.0,0.0258901428531,-0.0291611486959,-1.57790983974,0.0,0.178004885625,0.0146154215933,0.0,0.0,0.0,-0.0190158237297
545,9.72,4.07946979668,119.827634323,-4.9204781716,2.66417866817,0.5,9.87001781017,160.63066067,-4.807601992,1.86879803763,0.0,0.0211517715512,-0.0331636837212,-1.57796056227,0.0,0.150267603322,-0.0306547982398,0.0,0.0,0.0,-0.0197836914067
546,9.74,4.07946979668,119.827634323,-4.9204781716,2.66417866817,0.5,9.86607997235,160.713870663,-4.80767875298,1.86717601046,0.0,0.0173932978133,-0.037677232348,-1.57810936911,0.0,0.162237834574,-0.0064989737593,0.0,0.0,0.0,-0.0281519148394
547,9.75,4.07946979668,119.827634323,-4.9204781716,2.66417866817,0.5,9.86231278681,160.797133225,-4.80775218739,1.86555295858,0.0,0.0136550673012,-0.0421939074678,-1.57825663666,0.0,0.162340852484,-0.00614017060397,0.0,0.0,0.0,-0.0296516796194
548,9.77,4.07946979668,119.827634323,-4.9204781716,2.66417866817,0.5,9.86303641866,160.87954605,-4.80773808151,1.86394647075,0.0,0.0104492346179,-0.0471089848633,-1.57792399028,0.0,0.160603411942,0.00257505822458,0.0,0.0,0.0,0.0190525465704
549,9.79,4.07946979668,119.827634323,-4.9204781716,2.66417866817,0.5,9.86874446765,160.969730121,-4.8076268135,1.86218849666,0.0,0.00852545444034,-0.0532517196601,-1.57787343554,0.0,0.175707134374,0.012392612446,0.0,0.0,0.0,-0.00457763072134
550,9.81,4.07946979668,119.827634323,-4.9204781716,2.66417866817,0.5,9.86026769696,161.05285176,-4.80779205269,1.86056819182,0.0,0.00445256256434,-0.0579558149741,-1.57769594735,0.0,0.162129904548,-0.0154044474738,0.0,0.0,0.0,-0.00479360262001
551,9.82,4.07946979668,119.827634323,-4.9204781716,2.66417866817,0.5,9.85145981201,161.133183164,-4.80796374635,1.85900227751,0.0,-0.000183684181447,-0.0622430406781,-1.5776820595,0.0,0.156673594845,-0.0160876600432,0.0,0.0,0.0,-0.0264197012895
552,9.83,4.07946979668,119.827634323,-4.9204781716,2.66417866817,0.5,9.84937321506,161.217328276,-4.80800442076,1.85736202191,0.0,-0.0039597836395,-0.0672108973167,-1.57776835888,0.0,0.164021985158,-0.00291433880075,0.0,0.0,0.0,-0.0330225474168
553,9.87,4.07946979668,119.827634323,-4.9204781716,2.66417866817,0.5,9.84613094709,161.301391159,-4.80806762286,1.85572336922,0.0,-0.0077703177382,-0.0723751842797,-1.57784744748,0.0,0.163871477794,-0.00515842393296,0.0,0.0,0.0,-0.0344487141288
554,9.89,4.07946979668,119.827634323,-4.9204781716,2.66417866817,0.5,9.84157034876,161.385226216,-4.80815652342,1.85408915758,0.0,-0.0117268723167,-0.0776812287118,-1.57789228919,0.0,0.163441650114,-0.00772242999162,0.0,0.0,0.0,-0.0341062366629
555,9.92,4.07946979668,119.827634323,-4.9204781716,2.66417866817,0.5,9.83623752897,161.469134239,-4.80826047702,1.85245352361,0.0,-0.01580881378,-0.0831529770018,-1.57790429939,0.0,0.163590978908,-0.00922261489576,0.0,0.0,0.0,-0.0339559078595
556,9.94,4.07946979668,119.827634323,-4.9204781716,2.66417866817,0.5,9.88596326717,161.517703989,-4.80729116438,1.85150674485,0.0,-0.0087506284075,-0.0808278565029,-1.57639240204,0.0,0.0939339521771,0.0975225600887,0.0,0.0,0.0,0.209193357574
557,9.97,4.07946979668,119.827634323,-4.9204781716,2.66417866817,0.5,9.90687117,161.562508439,-4.80688360292,1.85063336375,0.0,-0.00498167332903,-0.0772894924005,-1.57410263432,0.0,0.0870874059353,0.0409512906722,0.0,0.0,0.0,0.258734352802
558,9.99,4.07946979668,119.827634323,-4.9204781716,2.66417866817,0.5,9.92782723552,161.607543334,-4.80647510262,1.84975549056,0.0,-0.00120455913211,-0.0737764513015,-1.57177875508,0.0,0.0876479045953,0.0408653952482,0.0,0.0,0.0,0.260890694581
559,10.0,4.07946979668,119.827634323,-4.9204781716,2.66417866817,0.5,9.94877470736,161.652377337,-4.80606676984,1.84888153339,0.0,0.0025816783029,-0.0702642732158,-1.56944506532,0.0,0.0873524573443,0.0406432791891,0.0,0.0,0.0,0.2606142504
560,10.01,4.07946979668,119.827634323,-4.9204781716,2.66417866817,0.5,9.96969708665,161.697023816,-4.80565892619,1.84801123166,0.0,0.00637634210427,-0.0667534530496,-1.56710168961,0.0,0.0870828086333,0.0403896884045,0.0,0.0,0.0,0.260314268345
561,10.03,4.07946979668,119.827634323,-4.9204781716,2.66417866817,0.5,10.0718480331,161.817182594,-4.80366767967,1.84566895528,0.0,0.0220536957382,-0.0728813665818,-1.56622533,0.0,0.235030548977,0.198259139955,0.0,0.0,0.0,0.196534179666
562,10.07,4.07946979668,119.827634323,-4.9204781716,2.66417866817,0.5,10.0128352738,161.846819825,-4.80481802585,1.84509123149,0.0,0.00795360084886,-0.058318838924,-1.56473313605,0.0,0.0601108017456,-0.110848249762,0.0,0.0,0.0,0.0576788738758
563,10.1,4.07946979668,119.827634323,-4.9204781716,2.66417866817,0.5,9.98983608945,161.905992472,-4.80526635303,1.84393776858,0.0,-0.00178328445404,-0.047067463574,-1.56386121542,0.0,0.115009288021,-0.0456827186106,0.0,0.0,0.0,0.0359661447151
564,10.12,4.07946979668,119.827634323,-4.9204781716,2.66417866817,0.5,9.97614288526,161.973675588,-4.80553327709,1.8426184096,0.0,-0.0100691101456,-0.0369853900853,-1.5632101657,0.0,0.131728598401,-0.0277272537691,0.0,0.0,0.0,0.0303049071699
565,10.14,4.07946979668,119.827634323,-4.9204781716,2.66417866817,0.5,9.9747972551,162.050085234,-4.8055595077,1.84112894281,0.0,-0.0162711993959,-0.0284301938858,-1.56266027065,0.0,0.148939515057,-0.00384247744934,0.0,0.0,0.0,0.0347266593098
566,10.16,4.07946979668,119.827634323,-4.9204781716,2.66417866817,0.5,9.98406463577,162.133650867,-4.805378857,1.83949998311,0.0,-0.0202683308372,-0.0214892762415,-1.5621681157,0.0,0.163071214749,0.0166658988076,0.0,0.0,0.0,0.0392622956936
567,10.18,4.07946979668,119.827634323,-4.9204781716,2.66417866817,0.5,10.0006263785,162.222321382,-4.80505601601,1.83777151303,0.0,-0.0221542720256,-0.0161323220128,-1.56173089505,0.0,0.173155460909,0.0307329760509,0.0,0.0,0.0,0.0401985543026
568,10.21,4.07946979668,119.827634323,-4.9204781716,2.66417866817,0.5,10.0218556415,162.314526576,-4.80464219022,1.83597414083,0.0,-0.0220012202959,-0.0123399387416,-1.56135450225,0.0,0.180137668047,0.0397103510173,0.0,0.0,0.0,0.0378820679919
569,10.22,4.07946979668,119.827634323,-4.9204781716,2.66417866817,0.5,10.0418168455,162.406020588,-4.80425308293,1.83419063181,0.0,-0.0219047732035,-0.00852049738627,-1.56098870183,0.0,0.178722213541,0.0371474330358,0.0,0.0,0.0,0.0366806370783
570,10.25,4.07946979668,119.827634323,-4.9204781716,2.66417866817,0.5,10.1036250799,162.51985672,-4.80304824406,1.83197160391,0.0,-0.0148629128072,-0.00936558854248,-1.5602939427,0.0,0.223160073673,0.118258872345,0.0,0.0,0.0,0.0758354391249
571,10.27,4.07946979668,119.827634323,-4.9204781716,2.66417866817,0.5,10.1627986219,162.626619975,-4.80189476371,1.82989044882,0.0,-0.00730020343436,-0.0102981918017,-1.55937488036,0.0,0.20934003743,0.112975440557,0.0,0.0,0.0,0.0993730681578
572,10.31,4.07946979668,119.827634323,-4.9204781716,2.66417866817,0.5,10.2207722896,162.731773232,-4.80076467272,1.82784067774,0.0,0.00188258993745,-0.0124287409439,-1.55850640405,0.0,0.20629743411,0.110498535537,0.0,0.0,0.0,0.0972083319254
573,10.33,4.07946979668,119.827634323,-4.9204781716,2.66417866817,0.5,10.2778799793,162.838772698,-4.79965146239,1.82575491818,0.0,0.0129888332662,-0.0161827531297,-1.55789090594,0.0,0.209946442123,0.10862944935,0.0,0.0,0.0,0.0773482042632
574,10.35,4.07946979668,119.827634323,-4.9204781716,2.66417866817,0.5,10.3371604661,162.949591898,-4.79849589735,1.82359469985,0.0,0.0266582736942,-0.0220081761486,-1.55757551584,0.0,0.217473216044,0.112724305236,0.0,0.0,0.0,0.0576515634313
575,10.36,4.07946979668,119.827634323,-4.9204781716,2.66417866817,0.5,10.2909431805,163.102772254,-4.79939681909,1.82060872799,0.0,0.0260818163807,-0.0360272790051,-1.55892041437,0.0,0.29754668451,-0.09394523386,0.0,0.0,0.0,-0.136205463595
576,10.37,4.07946979668,119.827634323,-4.9204781716,2.66417866817,0.5,10.2403282034,163.185522839,-4.80038346582,1.81899565617,0.0,0.0211732607014,-0.042624606437,-1.5592624593,0.0,0.160096655359,-0.10060100597,0.0,0.0,0.0,-0.0534638156176
577,10.39,4.07946979668,119.827634323,-4.9204781716,2.66417866817,0.5,10.2160832062,163.263683991,-4.80085607785,1.81747204696,0.0,0.0171346719126,-0.0483061259946,-1.55952201416,0.0,0.151786165586,-0.0490052037342,0.0,0.0,0.0,-0.044301081458
578,10.39,4.07946979668,119.827634323,-4.9204781716,2.66417866817,0.5,10.2044976981,163.342808192,-4.80108191622,1.81592966486,0.0,0.0133618490044,-0.0536412685057,-1.5597483511,0.0,0.153950461181,-0.0243075373001,0.0,0.0,0.0,-0.041848111729
579,10.4,4.07946979668,119.827634323,-4.9204781716,2.66417866817,0.5,10.1838399041,163.415651764,-4.80148460226,1.81450971221,0.0,0.007397150401,-0.0573889284803,-1.55990608958,0.0,0.141497568052,-0.041854940754,0.0,0.0,0.0,-0.0488665197303
580,10.42,4.07946979668,119.827634323,-4.9204781716,2.66417866817,0.5,10.2343116724,163.460269555,-4.80050074713,1.81363996968,0.0,0.0144602759156,-0.056010366269,-1.56077269808,0.0,0.0878277048614,0.0976382067264,0.0,0.0,0.0,-0.0463004777895
581,10.43,4.07946979668,119.827634323,-4.9204781716,2.66417866817,0.5,10.2299538872,163.516480831,-4.80058569421,1.81254423332,0.0,0.0145450197541,-0.052879835493,-1.56085288389,0.0,0.109454821529,-0.00962341004244,0.0,0.0,0.0,-0.00753714251563
582,10.44,4.07946979668,119.827634323,-4.9204781716,2.66417866817,0.5,10.2360572676,163.588508803,-4.80046671993,1.81114017927,0.0,0.0154796001044,-0.0508929775507,-1.5608864935,0.0,0.140514782095,0.0105105921685,0.0,0.0,0.0,0.00150434043404
583,10.46,4.07946979668,119.827634323,-4.9204781716,2.66417866817,0.5,10.2447145421,163.664166676,-4.80029796214,1.80966536695,0.0,0.0166683012928,-0.049222451776,-1.56089670486,0.0,0.147639248463,0.0154187026415,0.0,0.0,0.0,0.004950122045
584,10.48,4.07946979668,119.827634323,-4.9204781716,2.66417866817,0.5,10.2527424195,163.740218807,-4.8001414733,1.80818286925,0.0,0.0177987264623,-0.0475851252777,-1.56088241011,0.0,0.148394900763,0.0141808924242,0.0,0.0,0.0,0.00692581709873
585,10.5,4.07946979668,119.827634323,-4.9204781716,2.66417866817,0.5,10.2449522385,163.806734447,-4.80029332868,1.80688626809,0.0,0.0163724386877,-0.044210664125,-1.56075103276,0.0,0.129477301294,-0.0165234905608,0.0,0.0,0.0,0.00659781240014
586,10.51,4.07946979668,119.827634323,-4.9204781716,2.66417866817,0.5,10.2739984722,163.890316572,-4.7997271253,1.8052569869,0.0,0.0197481653688,-0.0437568108629,-1.56039489226,0.0,0.163505781159,0.0549698513469,0.0,0.0,0.0,0.0505499392867
587,10.52,4.07946979668,119.827634323,-4.9204781716,2.66417866817,0.5,10.2824695159,163.965853954,-4.79956199774,1.80378452332,0.0,0.0211116649087,-0.0422869987414,-1.56026209857,0.0,0.1474034197,0.0149542409863,0.0,0.0,0.0,0.0191698413296
588,10.55,4.07946979668,119.827634323,-4.9204781716,2.66417866817,0.5,10.2871412258,164.041029116,-4.79947093127,1.80231912054,0.0,0.0221190778736,-0.0407115442261,-1.56022327437,0.0,0.14662448963,0.00756021886968,0.0,0.0,0.0,0.00809315783111
589,10.57,4.07946979668,119.827634323,-4.9204781716,2.66417866817,0.5,10.2918655468,164.116655228,-4.79937883924,1.80084492733,0.0,0.0231847569038,-0.0392060289237,-1.56019364879,0.0,0.147505792312,0.00765310341261,0.0,0.0,0.0,0.00725837950376
590,10.59,4.07946979668,119.827634323,-4.9204781716,2.66417866817,0.5,10.2891642394,164.198504371,-4.79943149631,1.79924942746,0.0,0.0225073833554,-0.0398904178373,-1.56038390569,0.0,0.15949180174,-0.00692416611209,0.0,0.0,0.0,-0.021702262264
591,10.61,4.07946979668,119.827634323,-4.9204781716,2.66417866817,0.5,10.290557322,164.277282595,-4.7994043407,1.79771378957,0.0,0.0221729807172,-0.0404498089139,-1.56047010594,0.0,0.153582012188,0.00113730475042,0.0,0.0,0.0,-0.00992729643917
592,10.61,4.07946979668,119.827634323,-4.9204781716,2.66417866817,0.5,10.2919905527,164.354719273,-4.79937640248,1.79620430267,0.0,0.0215720979113,-0.0411989450087,-1.56053547793,0.0,0.150942442831,0.00127184060515,0.0,0.0,0.0,-0.00894173187849
593,10.62,4.07946979668,119.827634323,-4.9204781716,2.66417866817,0.5,10.2940544612,164.431713889,-4.79933617035,1.79470343296,0.0,0.0209861064091,-0.0419024096906,-1.56053781086,0.0,0.15012158883,0.00248547040793,0.0,0.0,0.0,-0.0026459757954
594,10.64,4.07946979668,119.827634323,-4.9204781716,2.66417866817,0.5,10.2953842358,164.509645807,-4.79931024881,1.79318429226,0.0,0.0203381558403,-0.0426599986318,-1.56054268847,0.0,0.151930184619,0.00104186951481,0.0,0.0,0.0,-0.00318631288937
595,10.65,4.07946979668,119.827634323,-4.9204781716,2.66417866817,0.5,10.2964794767,164.587854109,-4.79928889909,1.79165976396,0.0,0.0196778491612,-0.043445462615,-1.56055255399,0.0,0.152464365765,0.000580821884543,0.0,0.0,0.0,-0.00378859930939
596,10.66,4.07946979668,119.827634323,-4.9204781716,2.66417866817,0.5,10.297375652,164.666158708,-4.79927142979,1.79013335851,0.0,0.0190094821729,-0.0442517879398,-1.56056757538,0.0,0.152648103747,0.000193193104318,0.0,0.0,0.0,-0.00439208577235
597,10.67,4.07946979668,119.827634323,-4.9204781716,2.66417866817,0.5,10.2980803571,164.744500599,-4.79925769284,1.78860622615,0.0,0.0183320005107,-0.0450770048569,-1.56058655301,0.0,0.152716973768,-0.000177878442702,0.0,0.0,0.0,-0.00488286700573
598,10.68,4.07946979668,119.827634323,-4.9204781716,2.66417866817,0.5,10.2986117736,164.822864,-4.79924733385,1.78707867446,0.0,0.017644377749,-0.0459213587809,-1.56060841406,0.0,0.152755447284,-0.000512761656134,0.0,0.0,0.0,-0.00527382071888
599,10.69,4.07946979668,119.827634323,-4.9204781716,2.66417866817,0.5,10.3048077462,164.88678391,-4.79912655466,1.78583267232,0.0,0.018275935822,-0.0434601507578,-1.56045077135,0.0,0.124687439151,0.0107861608723,0.0,0.0,0.0,0.018613562905
600,10.7,4.07946979668,119.827634323,-4.9204781716,2.66417866817,0.5,10.3022374715,164.963961087,-4.79917665748,1.78432824392,0.0,0.0179344150376,-0.0429423121704,-1.56033822071,0.0,0.150382248025,-0.00659633578451,0.0,0.0,0.0,0.00980843424945
601,10.71,4.07946979668,119.827634323,-4.9204781716,2.66417866817,0.5,10.3010156117,165.041833218,-4.79920047541,1.78281026865,0.0,0.0178859116334,-0.0430210230736,-1.56024572957,0.0,0.151761385908,-0.00398851950584,0.0,0.0,0.0,0.00906483807994
602,10.72,4.07946979668,119.827634323,-4.9204781716,2.66417866817,0.5,10.3014643774,165.119938964,-4.79919172754,1.78128773949,0.0,0.0182430566123,-0.0435592966997,-1.5601793703,0.0,0.152250174842,-0.000745498253482,0.0,0.0,0.0,0.00820458492111
603,10.73,4.07946979668,119.827634323,-4.9204781716,2.66417866817,0.5,10.3027992628,165.198594838,-4.79916570638,1.7797544866,0.0,0.0189532218793,-0.0445905479955,-1.56013084217,0.0,0.153340218864,0.000962871297242,0.0,0.0,0.0,0.00800530539899
604,10.74,4.07946979668,119.827634323,-4.9204781716,2.66417866817,0.5,10.3042282886,165.277215066,-4.79913785012,1.77822192854,0.0,0.0196691265234,-0.0456207701802,-1.56008994143,0.0,0.153275834361,0.00114496458623,0.0,0.0,0.0,0.00731811480292
605,10.75,4.07946979668,119.827634323,-4.9204781716,2.66417866817,0.5,10.2996114456,165.322407423,-4.79922784706,1.7773409859,0.0,0.0203573373296,-0.0388488683377,-1.55993272417,0.0,0.0879097195125,-0.00999349289154,0.0,0.0,0.0,0.0186575037343
606,10.77,4.07946979668,119.827634323,-4.9204781716,2.66417866817,0.5,10.2962940337,165.379835,-4.79929251396,1.77622153997,0.0,0.0207473676021,-0.0318523250438,-1.55973755675,0.0,0.111844933032,-0.00772892223458,0.0,0.0,0.0,0.0208643028692
607,10.82,4.07946979668,119.827634323,-4.9204781716,2.66417866817,0.5,10.2954101413,165.439269055,-4.79930974384,1.77506298139,0.0,0.0212045176596,-0.0233342061265,-1.55973547715,0.0,0.11579333639,-0.00301630145219,0.0,0.0,0.0,0.0014734714489
608,10.85,4.07946979668,119.827634323,-4.9204781716,2.66417866817,0.5,10.3590657231,165.543807097,-4.79806889429,1.77302520278,0.0,0.0309871327373,-0.0207159991705,-1.55994131344,0.0,0.205191753808,0.121945720734,0.0,0.0,0.0,0.000909355231832
609,10.88,4.07946979668,119.827634323,-4.9204781716,2.66417866817,0.5,10.2638011542,165.723823811,-4.79992590343,1.76951610506,0.0,0.0186914670718,-0.0317141151867,-1.56189279381,0.0,0.349152022843,-0.18927588635,0.0,0.0,0.0,-0.227446510761
610,10.91,4.07946979668,119.827634323,-4.9204781716,2.66417866817,0.5,10.1717732531,165.900464994,-4.80171981963,1.76607280714,0.0,0.00658315614935,-0.0425854224228,-1.56372079731,0.0,0.342784447043,-0.182015065468,0.0,0.0,0.0,-0.227773410676
611,10.94,4.07946979668,119.827634323,-4.9204781716,2.66417866817,0.5,10.1566697489,166.002509358,-4.80201423491,1.76408363824,0.0,0.00353140493902,-0.0466548909845,-1.56335234525,0.0,0.198657805199,-0.0308512304818,0.0,0.0,0.0,0.0232643533306
612,10.96,4.07946979668,119.827634323,-4.9204781716,2.66417866817,0.5,10.1598614243,166.090267488,-4.80195201902,1.76237295344,0.0,0.00250819358,-0.0493897738709,-1.56269963678,0.0,0.171108349277,0.00486372964757,0.0,0.0,0.0,0.0603655785233
613,11.0,4.07946979668,119.827634323,-4.9204781716,2.66417866817,0.5,10.1775410156,166.170597047,-4.80160738761,1.76080707511,0.0,0.00362026365825,-0.0510331457459,-1.56209907253,0.0,0.156863702201,0.0331253273819,0.0,0.0,0.0,0.0656472680882
614,11.02,4.07946979668,119.827634323,-4.9204781716,2.66417866817,0.5,10.2075563369,166.24497843,-4.80102229363,1.75935714562,0.0,0.00718613793626,-0.0514333590533,-1.5615765121,0.0,0.145489755766,0.057194608998,0.0,0.0,0.0,0.0705302267318
615,11.04,4.07946979668,119.827634323,-4.9204781716,2.66417866817,0.5,10.236784733,166.319826104,-4.80045253932,1.75789812662,0.0,0.0107105017399,-0.0518572957886,-1.56106451726,0.0,0.146427609668,0.0555537614722,0.0,0.0,0.0,0.0693931078126
616,11.06,4.07946979668,119.827634323,-4.9204781716,2.66417866817,0.5,10.3005836346,166.374821776,-4.79920889601,1.75682608625,0.0,0.0212004832676,-0.04856767142,-1.56052488641,0.0,0.108335241063,0.123287081556,0.0,0.0,0.0,0.106669393571
617,11.09,4.07946979668,119.827634323,-4.9204781716,2.66417866817,0.5,10.3568443471,166.439392284,-4.79811219596,1.75556740187,0.0,0.0325283615222,-0.0451704386544,-1.56033048062,0.0,0.126926607668,0.108302156336,0.0,0.0,0.0,0.072587520219
618,11.11,4.07946979668,119.827634323,-4.9204781716,2.66417866817,0.5,10.3165697949,166.516450793,-4.79889727495,1.75406528669,0.0,0.0239756523311,-0.0465972697075,-1.5614582752,0.0,0.149436056171,-0.0800111182483,0.0,0.0,0.0,-0.152451744351
619,11.12,4.07946979668,119.827634323,-4.9204781716,2.66417866817,0.5,10.3026230265,166.57847917,-4.79916914178,1.75285615654,0.0,0.0186748061825,-0.0462685013058,-1.56242364835,0.0,0.120610592496,-0.0281773973775,0.0,0.0,0.0,-0.121131481023
620,11.13,4.07946979668,119.827634323,-4.9204781716,2.66417866817,0.5,10.2998569664,166.634797633,-4.79922306108,1.75175833074,0.0,0.0154552106329,-0.0448792487074,-1.56342775958,0.0,0.109693933019,-0.00617126778536,0.0,0.0,0.0,-0.115068199687
621,11.15,4.07946979668,119.827634323,-4.9204781716,2.66417866817,0.5,10.296490465,166.691405312,-4.79928868489,1.75065486721,0.0,0.0122026748551,-0.0435087407105,-1.56443788482,0.0,0.110267691265,-0.00725318348169,0.0,0.0,0.0,-0.11538212855
622,11.16,4.07946979668,119.827634323,-4.9204781716,2.66417866817,0.5,10.3308024236,166.726682174,-4.7986198358,1.74996720908,0.0,0.016018954037,-0.0383604072814,-1.56539811882,0.0,0.0691040915068,0.0666142223058,0.0,0.0,0.0,-0.080353133366
623,11.17,4.07946979668,119.827634323,-4.9204781716,2.66417866817,0.5,10.3581317153,166.771303261,-4.79808710107,1.74909740231,0.0,0.0206179726739,-0.0331236538413,-1.56670129801,0.0,0.087177508076,0.0529911683522,0.0,0.0,0.0,-0.113700693097
624,11.19,4.07946979668,119.827634323,-4.9204781716,2.66417866817,0.5,10.3208968332,166.851646725,-4.79881292723,1.74753125291,0.0,0.016223465367,-0.0359074034553,-1.56766302704,0.0,0.156330026791,-0.0731914416183,0.0,0.0,0.0,-0.111458922923
625,11.2,4.07946979668,119.827634323,-4.9204781716,2.66417866817,0.5,10.3111819259,166.917465929,-4.79900230164,1.74624822751,0.0,0.0153947099704,-0.0368599341287,-1.56854775249,0.0,0.128237056511,-0.0192111356634,0.0,0.0,0.0,-0.0914674407058
626,11.22,4.07946979668,119.827634323,-4.9204781716,2.66417866817,0.5,10.3133293753,166.978178202,-4.79896044103,1.7450647524,0.0,0.0167290979504,-0.036754176959,-1.56952062318,0.0,0.118350778349,0.0040537372417,0.0,0.0,0.0,-0.0923610233325
627,11.23,4.07946979668,119.827634323,-4.9204781716,2.66417866817,0.5,10.3149189551,167.039267376,-4.79892945507,1.74387393029,0.0,0.0180322101269,-0.0366675847091,-1.57050326785,0.0,0.119093534932,0.00306405361123,0.0,0.0,0.0,-0.0934817079154
628,11.24,4.07946979668,119.827634323,-4.9204781716,2.66417866817,0.5,10.316495038,167.100345467,-4.7988987322,1.74268332422,0.0,0.0193338609915,-0.0365797771574,-1.57148648103,0.0,0.119068878375,0.00315479656031,0.0,0.0,0.0,-0.0935552648097
629,11.27,4.07946979668,119.827634323,-4.9204781716,2.66417866817,0.5,10.3890205354,167.115561082,-4.79748497982,1.74238672354,0.0,0.0343483043352,-0.0287718895161,-1.57181682373,0.0,0.029419839614,0.141480674097,0.0,0.0,0.0,0.0161588575383
630,11.28,4.07946979668,119.827634323,-4.9204781716,2.66417866817,0.5,10.4582268192,167.133013602,-4.79613592945,1.74204651847,0.0,0.049169714977,-0.0210844090574,-1.57209128921,0.0,0.0338623107424,0.134886903584,0.0,0.0,0.0,0.00949760859281
631,11.29,4.07946979668,119.827634323,-4.9204781716,2.66417866817,0.5,10.5274688706,167.150477441,-4.79478618186,1.74170609276,0.0,0.0639942820946,-0.0133971560822,-1.57226776532,0.0,0.033881364457,0.134927364189,0.0,0.0,0.0,0.0079104929344
632,11.3,4.07946979668,119.827634323,-4.9204781716,2.66417866817,0.5,10.3769763271,167.019022572,-4.79771975971,1.74426856585,0.0,0.0390915196956,0.0232586612189,-1.57162430296,0.0,-0.214108208332,-0.252263046843,0.0,0.0,0.0,0.104827866913
633,11.31,4.07946979668,119.827634323,-4.9204781716,2.66417866817,0.5,10.4916598801,167.102182265,-4.79548421286,1.74264751919,0.0,0.0474948787492,0.0358896655571,-1.57301489474,0.0,0.162038708668,0.224336077437,0.0,0.0,0.0,-0.164072604563
634,11.33,4.07946979668,119.827634323,-4.9204781716,2.66417866817,0.5,10.6046710486,167.185278069,-4.79328126611,1.74102771796,0.0,0.0558246923131,0.0485079455881,-1.57436243867,0.0,0.161425160366,0.22098736808,0.0,0.0,0.0,-0.169895723434
635,11.35,4.07946979668,119.827634323,-4.9204781716,2.66417866817,0.5,10.7176708678,167.268491616,-4.79107854059,1.73940562153,0.0,0.06413988671,0.0611333224543,-1.57561502249,0.0,0.161403815489,0.221152412342,0.0,0.0,0.0,-0.170821186359
636,11.36,4.07946979668,119.827634323,-4.9204781716,2.66417866817,0.5,10.3722091287,167.606290386,-4.79781268755,1.73282085018,0.0,0.00517779675106,0.0291229205072,-1.58264451349,0.0,0.389401308144,-0.222457320187,0.0,0.0,0.0,-0.361629725506
637,11.37,4.07946979668,119.827634323,-4.9204781716,2.66417866817,0.5,10.2621054703,167.799251218,-4.79995895769,1.72905943045,0.0,-0.017706848116,0.0219005493192,-1.58678947581,0.0,0.378816517734,-0.208819133388,0.0,0.0,0.0,-0.356117314617
638,11.38,4.07946979668,119.827634323,-4.9204781716,2.66417866817,0.5,10.1511377263,167.991125296,-4.80212207161,1.72531919502,0.0,-0.0406110837208,0.0146479876493,-1.59076344309,0.0,0.377520895562,-0.208917670817,0.0,0.0,0.0,-0.3555415132
639,11.41,4.07946979668,119.827634323,-4.9204781716,2.66417866817,0.5,10.0395400924,168.181854229,-4.80429746409,1.72160128208,0.0,-0.0635298943201,0.00736935710985,-1.59456685096,0.0,0.376072667532,-0.208639446592,0.0,0.0,0.0,-0.35510983015
640,11.42,4.07946979668,119.827634323,-4.9204781716,2.66417866817,0.5,10.0534044902,168.256185362,-4.80402720292,1.72015233212,0.0,-0.0697699494178,0.0129242878794,-1.59533176257,0.0,0.144105777837,0.0307555081307,0.0,0.0,0.0,-0.0701771158225
641,11.43,4.07946979668,119.827634323,-4.9204781716,2.66417866817,0.5,10.0635786242,168.323604968,-4.80382887672,1.71883810979,0.0,-0.0756694757853,0.0193079668503,-1.59553833391,0.0,0.130907099915,0.0231073288766,0.0,0.0,0.0,-0.0111133663813
642,11.44,4.07946979668,119.827634323,-4.9204781716,2.66417866817,0.5,10.0744814627,168.388472672,-4.80361634576,1.71757363213,0.0,-0.0806569886949,0.0264006056359,-1.59562226315,0.0,0.125909106592,0.024421503482,0.0,0.0,0.0,0.00300219576095
643,11.45,4.07946979668,119.827634323,-4.9204781716,2.66417866817,0.5,10.0929518867,168.448593307,-4.8032562985,1.71640168993,0.0,-0.0834592720388,0.034855905319,-1.59566178468,0.0,0.116285268337,0.0389419496388,0.0,0.0,0.0,0.00462435140854
644,11.46,4.07946979668,119.827634323,-4.9204781716,2.66417866817,0.5,10.1161335939,168.505581269,-4.80280441338,1.71529081347,0.0,-0.0840683673241,0.0446954113666,-1.5956278058,0.0,0.109952765393,0.0479594711991,0.0,0.0,0.0,0.00581357840747
645,11.47,4.07946979668,119.827634323,-4.9204781716,2.66417866817,0.5,10.1908842112,168.605735558,-4.80134728633,1.71333848815,0.0,-0.0726015585516,0.0467513420171,-1.59586157547,0.0,0.191644044113,0.150789349655,0.0,0.0,0.0,-0.0756961219282
646,11.48,4.07946979668,119.827634323,-4.9204781716,2.66417866817,0.5,10.2639135686,168.704967653,-4.79992371211,1.71140413932,0.0,-0.0612064991348,0.0488434916129,-1.59610189482,0.0,0.189837224139,0.147287172727,0.0,0.0,0.0,-0.0784772603264
647,11.5,4.07946979668,119.827634323,-4.9204781716,2.66417866817,0.5,10.3370778295,168.804284462,-4.7984975082,1.70946813914,0.0,-0.0498085372002,0.0509375288809,-1.59633014823,0.0,0.189965707443,0.147584394954,0.0,0.0,0.0,-0.0796674172872
648,11.52,4.07946979668,119.827634323,-4.9204781716,2.66417866817,0.5,10.4103489929,168.903687296,-4.79706922041,1.70753046207,0.0,-0.038408414092,0.0530332311138,-1.59654593486,0.0,0.190099813051,0.147824760876,0.0,0.0,0.0,-0.0808166227722
649,11.54,4.07946979668,119.827634323,-4.9204781716,2.66417866817,0.5,10.5067546369,169.025161165,-4.79518996809,1.70516255038,0.0,-0.0206668960409,0.0505082827188,-1.59692830476,0.0,0.232101934212,0.194219510032,0.0,0.0,0.0,-0.130115032421
650,11.55,4.07946979668,119.827634323,-4.9204781716,2.66417866817,0.5,10.4119423748,169.204380804,-4.79703816034,1.70166899017,0.0,-0.0326939318333,0.0312638522413,-1.60120289251,0.0,0.354651302509,-0.175060583686,0.0,0.0,0.0,-0.378229262914
651,11.56,4.07946979668,119.827634323,-4.9204781716,2.66417866817,0.5,10.4549068734,169.27278756,-4.79620064574,1.70033552514,0.0,-0.0253843869773,0.025466482914,-1.60230773344,0.0,0.130751307653,0.0879507579319,0.0,0.0,0.0,-0.131124606243
652,11.57,4.07946979668,119.827634323,-4.9204781716,2.66417866817,0.5,10.4765274077,169.352356203,-4.79577919283,1.69878447947,0.0,-0.0193606903307,0.018872776568,-1.60225870117,0.0,0.15371509876,0.0469752470664,0.0,0.0,0.0,-0.00834330825868
653,11.58,4.07946979668,119.827634323,-4.9204781716,2.66417866817,0.5,10.4852259548,169.43825694,-4.79560963051,1.69711000116,0.0,-0.0144585314799,0.0114521967245,-1.60192534061,0.0,0.166845773868,0.0221782731937,0.0,0.0,0.0,0.0259032426083
654,11.59,4.07946979668,119.827634323,-4.9204781716,2.66417866817,0.5,10.4926784474,169.524391554,-4.79546435775,1.69543096387,0.0,-0.00950606092514,0.00367222811088,-1.60157435135,0.0,0.167375121085,0.019704753973,0.0,0.0,0.0,0.0313370401592
655,11.6,4.07946979668,119.827634323,-4.9204781716,2.66417866817,0.5,10.4999288162,169.611171621,-4.79532302503,1.69373934461,0.0,-0.00410538034318,-0.00429755218318,-1.60126713355,0.0,0.16863852403,0.0193011110807,0.0,0.0,0.0,0.0308693533342
656,11.61,4.07946979668,119.827634323,-4.9204781716,2.66417866817,0.5,10.5067722277,169.698349229,-4.79518962519,1.69203997604,0.0,0.00139965167283,-0.0127160567182,-1.60103407839,0.0,0.16943920343,0.018476635769,0.0,0.0,0.0,0.0279432013161
657,11.63,4.07946979668,119.827634323,-4.9204781716,2.66417866817,0.5,10.5129742152,169.786845633,-4.79506872875,1.69031489993,0.0,0.00724083930534,-0.0214606845372,-1.60085132431,0.0,0.172037401464,0.0172773539003,0.0,0.0,0.0,0.0282356057719
658,11.65,4.07946979668,119.827634323,-4.9204781716,2.66417866817,0.5,10.5246045819,169.867329917,-4.79484201595,1.68874600552,0.0,0.0142248602359,-0.029483362579,-1.60042637463,0.0,0.156059125915,0.0273427150233,0.0,0.0,0.0,0.0603235199832
659,11.67,4.07946979668,119.827634323,-4.9204781716,2.66417866817,0.5,10.5331507001,169.951920795,-4.79467542495,1.68709706052,0.0,0.0210683894687,-0.0380304063268,-1.60019553229,0.0,0.164260685844,0.0214985172505,0.0,0.0,0.0,0.0462117003252
660,11.69,4.07946979668,119.827634323,-4.9204781716,2.66417866817,0.5,10.5410583727,170.037946365,-4.79452127929,1.68542014883,0.0,0.0280447197513,-0.0468676680015,-1.60010398271,0.0,0.167086751403,0.0203182964275,0.0,0.0,0.0,0.0387691092405
661,11.7,4.07946979668,119.827634323,-4.9204781716,2.66417866817,0.5,10.549064718,170.124603991,-4.79436521018,1.68373091635,0.0,0.0352535646567,-0.0559472897716,-1.60012241183,0.0,0.168300212546,0.0205375339863,0.0,0.0,0.0,0.0352101774658
662,11.71,4.07946979668,119.827634323,-4.9204781716,2.66417866817,0.5,10.4845877741,170.161629164,-4.79562207068,1.6830091781,0.0,0.0307998431019,-0.056021925963,-1.59992819265,0.0,0.0757116957032,-0.123699653729,0.0,0.0,0.0,-0.00546003910024
663,11.71,4.07946979668,119.827634323,-4.9204781716,2.66417866817,0.5,10.4561935098,170.209702967,-4.79617556511,1.68207206693,0.0,0.0299889596427,-0.0559130306013,-1.60139771831,0.0,0.0953310157458,-0.0524344658681,0.0,0.0,0.0,-0.151469560976
664,11.73,4.07946979668,119.827634323,-4.9204781716,2.66417866817,0.5,10.4503777399,170.254504838,-4.79628893295,1.6811987361,0.0,0.0321844632393,-0.0545786713888,-1.60347327096,0.0,0.0876690569093,-0.00842695858863,0.0,0.0,0.0,-0.195408677872
665,11.74,4.07946979668,119.827634323,-4.9204781716,2.66417866817,0.5,10.4324587524,170.308042325,-4.79663823095,1.68015512037,0.0,0.0322355934057,-0.0507914823278,-1.60455392959,0.0,0.105436540628,-0.0313806164115,0.0,0.0,0.0,-0.10780298705
666,11.76,4.07946979668,119.827634323,-4.9204781716,2.66417866817,0.5,10.4198280093,170.383071308,-4.79688444426,1.67869256709,0.0,0.0312546945252,-0.0499707943092,-1.60467259018,0.0,0.146996970114,-0.0196576009561,0.0,0.0,0.0,-0.0167577972305
667,11.77,4.07946979668,119.827634323,-4.9204781716,2.66417866817,0.5,10.4179191713,170.457793247,-4.79692165358,1.67723599909,0.0,0.0310878181142,-0.0494093441793,-1.60453805687,0.0,0.145687113694,0.00120295096747,0.0,0.0,0.0,0.0126599527542
668,11.78,4.07946979668,119.827634323,-4.9204781716,2.66417866817,0.5,10.4185790712,170.532833963,-4.79690879004,1.6757732171,0.0,0.0311885481116,-0.049156391418,-1.60436653973,0.0,0.146140490149,0.0062031996774,0.0,0.0,0.0,0.0176818240241
669,11.8,4.07946979668,119.827634323,-4.9204781716,2.66417866817,0.5,10.4042412376,170.617962882,-4.79718827997,1.67411378399,0.0,0.0288176316329,-0.0508107510981,-1.60416850997,0.0,0.166802725569,-0.0224183733545,0.0,0.0,0.0,0.00795252226286
670,11.81,4.07946979668,119.827634323,-4.9204781716,2.66417866817,0.5,10.382238347,170.70850553,-4.79761718622,1.67234882008,0.0,0.0244764137619,-0.0540377709707,-1.60388654863,0.0,0.177837393625,-0.0370480384981,0.0,0.0,0.0,0.00544296471131
671,11.84,4.07946979668,119.827634323,-4.9204781716,2.66417866817,0.5,10.3861251738,170.76701552,-4.79754141961,1.67120827446,0.0,0.0240201211348,-0.050424608132,-1.60366769787,0.0,0.113693659345,0.0113274396136,0.0,0.0,0.0,0.0195193003729
672,11.87,4.07946979668,119.827634323,-4.9204781716,2.66417866817,0.5,10.3888358636,170.826900732,-4.79748857966,1.6700409214,0.0,0.0241582534782,-0.0443846887375,-1.6034805659,0.0,0.116433339859,0.00909159346713,0.0,0.0,0.0,0.0194324177219
673,11.88,4.07946979668,119.827634323,-4.9204781716,2.66417866817,0.5,10.3592056356,170.912270477,-4.79806616695,1.66837679383,0.0,0.0184718294514,-0.0443124217135,-1.60333656355,0.0,0.168226506006,-0.0523647707757,0.0,0.0,0.0,-0.0108419002803
674,11.9,4.07946979668,119.827634323,-4.9204781716,2.66417866817,0.5,10.3547183092,170.986088947,-4.7981536392,1.6669378373,0.0,0.0158302016584,-0.0426822295206,-1.60331375528,0.0,0.144090480044,-0.0040459186343,0.0,0.0,0.0,-0.00920403036834
675,11.92,4.07946979668,119.827634323,-4.9204781716,2.66417866817,0.5,10.3631054215,171.054399365,-4.79799014773,1.6656062502,0.0,0.0153755288419,-0.0399221924557,-1.60338392735,0.0,0.132542359889,0.020700040314,0.0,0.0,0.0,-0.00889263986327
676,11.93,4.07946979668,119.827634323,-4.9204781716,2.66417866817,0.5,10.336295072,171.145007463,-4.79851276663,1.66384001047,0.0,0.00957041870635,-0.0411315387691,-1.60345809103,0.0,0.178255062722,-0.046526408583,0.0,0.0,0.0,-0.0309645895402
677,11.94,4.07946979668,119.827634323,-4.9204781716,2.66417866817,0.5,10.4443049249,171.158457475,-4.7964073114,1.66357782699,0.0,0.0231540670949,-0.0294475073074,-1.6042624795,0.0,0.0190507080023,0.211574652713,0.0,0.0,0.0,-0.0325275963483
678,11.95,4.07946979668,119.827634323,-4.9204781716,2.66417866817,0.5,10.4151910165,171.253636537,-4.79697483399,1.66172248466,0.0,0.0197865541075,-0.029751752868,-1.60564138959,0.0,0.187440785426,-0.05042434829,0.0,0.0,0.0,-0.147978205301
679,11.97,4.07946979668,119.827634323,-4.9204781716,2.66417866817,0.5,10.3876491528,171.347996065,-4.79751171242,1.65988311763,0.0,0.0165002553637,-0.0300272473762,-1.60699399326,0.0,0.1857168862,-0.0470013999592,0.0,0.0,0.0,-0.145081521229
680,11.98,4.07946979668,119.827634323,-4.9204781716,2.66417866817,0.5,10.3600980612,171.442256011,-4.79804877074,1.6580456918,0.0,0.013212342496,-0.0303031597902,-1.60834476169,0.0,0.185586856116,-0.046775331428,0.0,0.0,0.0,-0.14499342991
681,11.99,4.07946979668,119.827634323,-4.9204781716,2.66417866817,0.5,10.3325369851,171.536423214,-4.79858602368,1.6562100738,0.0,0.00992288157671,-0.0305796832293,-1.60969337894,0.0,0.185469862438,-0.0465510564814,0.0,0.0,0.0,-0.144873798759
682,12.02,4.07946979668,119.827634323,-4.9204781716,2.66417866817,0.5,10.3695532848,171.582706731,-4.79786445839,1.65530786098,0.0,0.0159185895605,-0.0239015957579,-1.61074921048,0.0,0.0872453947975,0.0758637592624,0.0,0.0,0.0,-0.0892624629096
683,12.07,4.07946979668,119.827634323,-4.9204781716,2.66417866817,0.5,10.339330878,171.672839821,-4.79845358912,1.65355088067,0.0,0.0119818599957,-0.0245532677482,-1.61068348677,0.0,0.177954048893,-0.0519150742063,0.0,0.0,0.0,-0.00294662245091
684,12.08,4.07946979668,119.827634323,-4.9204781716,2.66417866817,0.5,10.3326083899,171.747414101,-4.79858463178,1.65209719101,0.0,0.0109174564427,-0.023170548749,-1.61057143929,0.0,0.145758568953,-0.00728623349102,0.0,0.0,0.0,0.00866034541069
685,12.1,4.07946979668,119.827634323,-4.9204781716,2.66417866817,0.5,10.3374958005,171.815168103,-4.79848936062,1.65077645023,0.0,0.0118617855843,-0.0204030930063,-1.61049521651,0.0,0.13157413659,0.0147854163127,0.0,0.0,0.0,0.00967638401464
686,12.12,4.07946979668,119.827634323,-4.9204781716,2.66417866817,0.5,10.3577920483,171.874385605,-4.79809372225,1.64962211296,0.0,0.0161577223886,-0.0154432774736,-1.61043989788,0.0,0.113763067764,0.0442376987538,0.0,0.0,0.0,0.0130012845092
687,12.14,4.07946979668,119.827634323,-4.9204781716,2.66417866817,0.5,10.2554509441,172.007284598,-4.80008867555,1.64703148932,0.0,0.00297608139958,-0.0227446704159,-1.61057536267,0.0,0.266870282754,-0.189252222628,0.0,0.0,0.0,-0.0387626013712
688,12.16,4.07946979668,119.827634323,-4.9204781716,2.66417866817,0.5,10.2934580905,172.055214271,-4.79934779551,1.64609718771,0.0,0.00785675986466,-0.0182993813243,-1.60992873409,0.0,0.0903326960499,0.0777674036591,0.0,0.0,0.0,0.0747605908175
689,12.17,4.07946979668,119.827634323,-4.9204781716,2.66417866817,0.5,10.3089771698,172.117263235,-4.79904527934,1.64488765623,0.0,0.010510242983,-0.0153935066576,-1.60929990583,0.0,0.119693085749,0.0348524113863,0.0,0.0,0.0,0.0673492627961
690,12.19,4.07946979668,119.827634323,-4.9204781716,2.66417866817,0.5,10.3064110507,172.189497946,-4.79909530116,1.6434795722,0.0,0.0108441012848,-0.0140516883986,-1.60874796294,0.0,0.140910021575,0.000313934990522,0.0,0.0,0.0,0.0556800017431
691,12.21,4.07946979668,119.827634323,-4.9204781716,2.66417866817,0.5,10.2900746946,172.269477855,-4.79941374864,1.64192050965,0.0,0.00889973583987,-0.0142880308036,-1.60824114789,0.0,0.15701561327,-0.0260138245493,0.0,0.0,0.0,0.0479195039165
692,12.23,4.07946979668,119.827634323,-4.9204781716,2.66417866817,0.5,10.2640565773,172.355137071,-4.79992092442,1.64025073936,0.0,0.00478124030478,-0.0160820933318,-1.60772775287,0.0,0.168772594668,-0.0445426806817,0.0,0.0,0.0,0.0450780854716
693,12.26,4.07946979668,119.827634323,-4.9204781716,2.66417866817,0.5,10.3231283976,172.398176502,-4.79876942695,1.6394117641,0.0,0.0114340541291,-0.0113247278452,-1.60775292195,0.0,0.0795088578141,0.118292418268,0.0,0.0,0.0,0.00658078585738
694,12.28,4.07946979668,119.827634323,-4.9204781716,2.66417866817,0.5,10.303469928,172.485290389,-4.79915263298,1.63771363764,0.0,0.00789402986991,-0.0136373433522,-1.60772759552,0.0,0.171138125246,-0.0320670799704,0.0,0.0,0.0,-0.00191814277325
695,12.31,4.07946979668,119.827634323,-4.9204781716,2.66417866817,0.5,10.3050210342,172.558668563,-4.79912239699,1.63628326388,0.0,0.00708338049845,-0.0140857230744,-1.60764060714,0.0,0.142810801465,0.00832334409626,0.0,0.0,0.0,0.00756885028657
696,12.32,4.07946979668,119.827634323,-4.9204781716,2.66417866817,0.5,10.3162440744,172.626412792,-4.79890362428,1.6349627136,0.0,0.00817332365484,-0.0132629546785,-1.60755971657,0.0,0.131144120559,0.0267437669934,0.0,0.0,0.0,0.0095750566361
697,12.35,4.07946979668,119.827634323,-4.9204781716,2.66417866817,0.5,10.294447091,172.715124028,-4.79932851675,1.63323344975,0.0,0.00464580099335,-0.0157260256099,-1.60747304375,0.0,0.174401174491,-0.0361690167291,0.0,0.0,0.0,0.00354284015032
698,12.36,4.07946979668,119.827634323,-4.9204781716,2.66417866817,0.5,10.2698028051,172.80614112,-4.79980891218,1.63145923742,0.0,-0.000320095362197,-0.0192939176722,-1.60730626323,0.0,0.179074618837,-0.041551835298,0.0,0.0,0.0,0.00797765083661
699,12.4,4.07946979668,119.827634323,-4.9204781716,2.66417866817,0.5,10.305590037,172.867443583,-4.79911130532,1.63026425764,0.0,0.0035726482837,-0.0180269260376,-1.60718516145,0.0,0.116839900893,0.0741402754999,0.0,0.0,0.0,0.0193480449284
700,12.41,4.07946979668,119.827634323,-4.9204781716,2.66417866817,0.5,10.3394876888,172.923723021,-4.79845053238,1.62916719258,0.0,0.00878332465145,-0.0160106319586,-1.60700001111,0.0,0.107194287724,0.0700410707617,0.0,0.0,0.0,0.0273819726198
701,12.43,4.07946979668,119.827634323,-4.9204781716,2.66417866817,0.5,10.3679356773,172.983935806,-4.7978959907,1.62799345407,0.0,0.0135828382341,-0.0143018845543,-1.60675127109,0.0,0.115294444632,0.0596281987675,0.0,0.0,0.0,0.0321492685789
702,12.45,4.07946979668,119.827634323,-4.9204781716,2.66417866817,0.5,10.3897189463,173.049722687,-4.79747136557,1.62671105874,0.0,0.0178027415556,-0.0130784232674,-1.60644786256,0.0,0.126636989475,0.0469947732381,0.0,0.0,0.0,0.0361199700265
703,12.45,4.07946979668,119.827634323,-4.9204781716,2.66417866817,0.5,10.3896820973,173.127131421,-4.79747208387,1.62520211656,0.0,0.0195006214281,-0.0134822159089,-1.60630179118,0.0,0.150813160782,0.00526265517491,0.0,0.0,0.0,0.0168563765143
704,12.47,4.07946979668,119.827634323,-4.9204781716,2.66417866817,0.5,10.3727935311,173.213944584,-4.79780129569,1.62350985216,0.0,0.0186621092815,-0.0156209884423,-1.6062370396,0.0,0.170305903755,-0.0269328975655,0.0,0.0,0.0,0.00524740227472
705,12.48,4.07946979668,119.827634323,-4.9204781716,2.66417866817,0.5,10.3459980469,173.306733588,-4.79832362482,1.62170109965,0.0,0.015650134086,-0.0193328688484,-1.60616435516,0.0,0.182629752423,-0.0458352476027,0.0,0.0,0.0,0.00199641475251
706,12.49,4.07946979668,119.827634323,-4.9204781716,2.66417866817,0.5,10.3201692683,173.398989225,-4.79882710978,1.61990274416,0.0,0.0126892859654,-0.0230196223447,-1.60607220476,0.0,0.181498984265,-0.0439727451088,0.0,0.0,0.0,0.00294552815583
707,12.5,4.07946979668,119.827634323,-4.9204781716,2.66417866817,0.5,10.3358411391,173.463667397,-4.79852161522,1.61864196107,0.0,0.0157589071489,-0.0230630117413,-1.60579255319,0.0,0.124875934284,0.0349776372907,0.0,0.0,0.0,0.0350991232335
708,12.52,4.07946979668,119.827634323,-4.9204781716,2.66417866817,0.5,10.3364999866,173.539425363,-4.79850877219,1.6171651976,0.0,0.017407544798,-0.024232099758,-1.60553219968,0.0,0.147539794517,0.006408868734,0.0,0.0,0.0,0.029937135006
709,12.55,4.07946979668,119.827634323,-4.9204781716,2.66417866817,0.5,10.3337793389,173.617525151,-4.79856180626,1.61564278458,0.0,0.0187697532442,-0.0256773323298,-1.60532148732,0.0,0.152326953538,-4.45397082755e-05,0.0,0.0,0.0,0.024480208568
710,12.56,4.07946979668,119.827634323,-4.9204781716,2.66417866817,0.5,10.3321004289,173.69610233,-4.79859453355,1.61411106569,0.0,0.020311160716,-0.027221444981,-1.60520219758,0.0,0.153186046676,0.00199951599188,0.0,0.0,0.0,0.0160152038373
711,12.57,4.07946979668,119.827634323,-4.9204781716,2.66417866817,0.5,10.3134793883,173.785078215,-4.7989575168,1.61237664299,0.0,0.0192344997821,-0.030627934196,-1.60509954851,0.0,0.174603885242,-0.0303570247141,0.0,0.0,0.0,0.00714191023791
712,12.59,4.07946979668,119.827634323,-4.9204781716,2.66417866817,0.5,10.2863525862,173.879631768,-4.79948630436,1.6105334938,0.0,0.01611113106,-0.0355580692532,-1.60493926585,0.0,0.186029741706,-0.0465817362067,0.0,0.0,0.0,0.00568482662865
713,12.61,4.07946979668,119.827634323,-4.9204781716,2.66417866817,0.5,10.2601987871,173.973645993,-4.79999612501,1.60870085783,0.0,0.0130381541835,-0.0404629978322,-1.60475418635,0.0,0.18488460356,-0.0447238691424,0.0,0.0,0.0,0.00683016948915
714,12.62,4.07946979668,119.827634323,-4.9204781716,2.66417866817,0.5,10.276354503,174.056403737,-4.79968119877,1.60708764645,0.0,0.0161042512817,-0.0443031067757,-1.60501386049,0.0,0.160162668945,0.0370238474295,0.0,0.0,0.0,-0.0130559728458
715,12.64,4.07946979668,119.827634323,-4.9204781716,2.66417866817,0.5,10.2783595782,174.13224163,-4.79964211349,1.60560932494,0.0,0.0176005875618,-0.0464171249758,-1.60495426355,0.0,0.147600624986,0.00896216896522,0.0,0.0,0.0,0.0127367351239
716,12.65,4.07946979668,119.827634323,-4.9204781716,2.66417866817,0.5,10.2735577646,174.203487059,-4.79973571609,1.60422052516,0.0,0.017794294382,-0.0467582790215,-1.60487049065,0.0,0.139085995821,-0.00466246445053,0.0,0.0,0.0,0.00919312470367
717,12.66,4.07946979668,119.827634323,-4.9204781716,2.66417866817,0.5,10.3322199905,174.249424287,-4.79859220291,1.60332506264,0.0,0.029607945999,-0.0401598204875,-1.60559158656,0.0,0.0854842744976,0.11750360027,0.0,0.0,0.0,-0.0208235594035
718,12.68,4.07946979668,119.827634323,-4.9204781716,2.66417866817,0.5,10.3475005859,174.322467249,-4.79829433556,1.60190122321,0.0,0.0371555471809,-0.0364846371729,-1.6063395385,0.0,0.141289388477,0.0348055150502,0.0,0.0,0.0,-0.0458869552316
719,12.69,4.07946979668,119.827634323,-4.9204781716,2.66417866817,0.5,10.3467054047,174.405118026,-4.79830983617,1.60029009695,0.0,0.0428017467664,-0.0341151826265,-1.60713192799,0.0,0.161106653378,0.00429116622661,0.0,0.0,0.0,-0.0593181499151
720,12.7,4.07946979668,119.827634323,-4.9204781716,2.66417866817,0.5,10.3330121233,174.495924352,-4.79857676173,1.59851999315,0.0,0.0463746422801,-0.0332569142991,-1.60792870361,0.0,0.177918463064,-0.0201275864245,0.0,0.0,0.0,-0.067652894817
721,12.71,4.07946979668,119.827634323,-4.9204781716,2.66417866817,0.5,10.3100409339,174.593101339,-4.7990245432,1.59662570489,0.0,0.0478292751996,-0.034018642343,-1.60868605628,0.0,0.191018754428,-0.0376083294026,0.0,0.0,0.0,-0.0708541880545
722,12.72,4.07946979668,119.827634323,-4.9204781716,2.66417866817,0.5,10.288083844,174.68971637,-4.79945255665,1.59474237095,0.0,0.0493394191853,-0.0347528154768,-1.6094375964,0.0,0.189854773446,-0.0354997833467,0.0,0.0,0.0,-0.0699622960235
723,12.73,4.07946979668,119.827634323,-4.9204781716,2.66417866817,0.5,10.2279367261,174.810899666,-4.80062501508,1.59238012347,0.0,0.044046858663,-0.040561416144,-1.61014879627,0.0,0.240674241472,-0.107999199815,0.0,0.0,0.0,-0.0910770798261
724,12.76,4.07946979668,119.827634323,-4.9204781716,2.66417866817,0.5,10.170034043,174.930710725,-4.80175372236,1.59004462525,0.0,0.0388780088469,-0.0463094793597,-1.61080902835,0.0,0.237835816105,-0.103481220732,0.0,0.0,0.0,-0.0884674278722
725,12.78,4.07946979668,119.827634323,-4.9204781716,2.66417866817,0.5,10.1102601965,175.015564255,-4.80291890455,1.58839056033,0.0,0.0272040888757,-0.0492200583717,-1.61118084798,0.0,0.169859739186,-0.109861591738,0.0,0.0,0.0,-0.0928904718531
726,12.8,4.07946979668,119.827634323,-4.9204781716,2.66417866817,0.5,10.1914785136,175.03129138,-4.80133570149,1.5880839887,0.0,0.0348032263835,-0.0397361132928,-1.61232093275,0.0,0.0239685641129,0.159766304571,0.0,0.0,0.0,-0.0802969423966
727,12.81,4.07946979668,119.827634323,-4.9204781716,2.66417866817,0.5,10.1764529143,175.101628336,-4.80162859816,1.58671289793,0.0,0.0294964215275,-0.0399388972539,-1.61301305762,0.0,0.138197367731,-0.0235600179798,0.0,0.0,0.0,-0.0905027116971
728,12.84,4.07946979668,119.827634323,-4.9204781716,2.66417866817,0.5,10.1663155608,175.167063024,-4.80182620739,1.58543736795,0.0,0.0254901636723,-0.0391064957695,-1.61350178066,0.0,0.128244347221,-0.0142769356555,0.0,0.0,0.0,-0.0647039785534
729,12.86,4.07946979668,119.827634323,-4.9204781716,2.66417866817,0.5,10.1553233402,175.232798641,-4.8020404807,1.58415597192,0.0,0.0214350686829,-0.0382934952759,-1.61398585159,0.0,0.128921415625,-0.0158747945364,0.0,0.0,0.0,-0.0640964170614
730,12.89,4.07946979668,119.827634323,-4.9204781716,2.66417866817,0.5,10.1872366934,175.27555031,-4.80141838804,1.58332260603,0.0,0.0242869185951,-0.0329097112524,-1.61474110089,0.0,0.0804837300032,0.0659276020939,0.0,0.0,0.0,-0.0653792355103
731,12.91,4.07946979668,119.827634323,-4.9204781716,2.66417866817,0.5,10.2110209386,175.327388719,-4.80095475753,1.58231211074,0.0,0.0275259582715,-0.0274598055382,-1.61567154435,0.0,0.098875473781,0.050879565799,0.0,0.0,0.0,-0.0832075413667
732,12.93,4.07946979668,119.827634323,-4.9204781716,2.66417866817,0.5,10.2353956701,175.376609976,-4.80047961657,1.58135263204,0.0,0.0324977275433,-0.0205973319283,-1.61641723211,0.0,0.0936861507458,0.0519142924399,0.0,0.0,0.0,-0.062626920409
733,12.94,4.07946979668,119.827634323,-4.9204781716,2.66417866817,0.5,10.2582662742,175.426652295,-4.80003379583,1.58037714826,0.0,0.0373818740491,-0.0137772857806,-1.61712564524,0.0,0.0954089247705,0.0490869514388,0.0,0.0,0.0,-0.0624471299933
734,12.95,4.07946979668,119.827634323,-4.9204781716,2.66417866817,0.5,10.2288077195,175.431815794,-4.80060803666,1.58027649525,0.0,0.0341709601314,0.00414527736059,-1.61876504465,0.0,0.0123269701119,-0.0567463613098,0.0,0.0,0.0,-0.166433516008
735,12.96,4.07946979668,119.827634323,-4.9204781716,2.66417866817,0.5,10.0953904266,175.553463307,-4.80320876361,1.57790519869,0.0,0.00109636180951,-0.00519091853037,-1.61887751746,0.0,0.206936761854,-0.186505710211,0.0,0.0,0.0,-0.0162044988847
736,12.97,4.07946979668,119.827634323,-4.9204781716,2.66417866817,0.5,10.0460448702,175.632001169,-4.8041706653,1.57637424622,0.0,-0.0184223541328,-0.00491106483118,-1.61929261238,0.0,0.157123145669,-0.088518610079,0.0,0.0,0.0,-0.0505887287874
737,12.99,4.07946979668,119.827634323,-4.9204781716,2.66417866817,0.5,10.0127252093,175.703906775,-4.80482017136,1.57497257749,0.0,-0.0365444622569,-0.00390859358867,-1.61994503496,0.0,0.143077349977,-0.0578978689103,0.0,0.0,0.0,-0.0732414342891
738,13.0,4.07946979668,119.827634323,-4.9204781716,2.66417866817,0.5,9.99745334046,175.767093554,-4.80511786861,1.57374086639,0.0,-0.0524940861989,-0.00154634668336,-1.62080970217,0.0,0.12437944544,-0.0234365092488,0.0,0.0,0.0,-0.0908217737771
739,13.02,4.07946979668,119.827634323,-4.9204781716,2.66417866817,0.5,9.9962832305,175.822937313,-4.80514067777,1.57265229409,0.0,-0.0661919699702,0.00235342038638,-1.62183482799,0.0,0.108718600818,0.00343729605964,0.0,0.0,0.0,-0.101967448079
740,13.04,4.07946979668,119.827634323,-4.9204781716,2.66417866817,0.5,9.99439586648,175.879101792,-4.80517746849,1.57155746995,0.0,-0.079941523879,0.00622147625194,-1.6229028702,0.0,0.109438473529,0.00218621561842,0.0,0.0,0.0,-0.10090909328
741,13.05,4.07946979668,119.827634323,-4.9204781716,2.66417866817,0.5,10.0316915318,175.912154569,-4.80445045747,1.5709131663,0.0,-0.087137582319,0.0148893514786,-1.62424366476,0.0,0.0603696239597,0.0762654255641,0.0,0.0,0.0,-0.126512037104
742,13.06,4.07946979668,119.827634323,-4.9204781716,2.66417866817,0.5,10.0667952806,175.946577345,-4.80376617387,1.57024215702,0.0,-0.0944771320841,0.0234688856289,-1.62563587757,0.0,0.0632317209152,0.0721521307951,0.0,0.0,0.0,-0.125145358493
743,13.07,4.07946979668,119.827634323,-4.9204781716,2.66417866817,0.5,10.1020616647,175.980935678,-4.80307871999,1.56957240393,0.0,-0.101827597342,0.0320434377003,-1.62708420155,0.0,0.062994211638,0.0725608454617,0.0,0.0,0.0,-0.124432684095
744,13.08,4.07946979668,119.827634323,-4.9204781716,2.66417866817,0.5,10.1374974379,176.015247823,-4.80238796417,1.56890355122,0.0,-0.109189988673,0.0406122392536,-1.62858848154,0.0,0.0627863747374,0.0729876702179,0.0,0.0,0.0,-0.123687554403
745,13.1,4.07946979668,119.827634323,-4.9204781716,2.66417866817,0.5,10.2278059526,176.05412971,-4.80062756428,1.56814561969,0.0,-0.0985730206534,0.0494635534015,-1.63098919041,0.0,0.0652531612553,0.180794392531,0.0,0.0,0.0,-0.287894355213
746,13.13,4.07946979668,119.827634323,-4.9204781716,2.66417866817,0.5,10.2901959024,176.097018592,-4.79941138592,1.5673095791,0.0,-0.0880867034361,0.056739361511,-1.63455478432,0.0,0.076042435028,0.127055227784,0.0,0.0,0.0,-0.412202989311
747,13.13,4.07946979668,119.827634323,-4.9204781716,2.66417866817,0.5,10.3406236715,176.136967704,-4.79842838847,1.56653084398,0.0,-0.0769372056241,0.063162004008,-1.63842303602,0.0,0.0714815437265,0.103671764556,0.0,0.0,0.0,-0.453634710497
748,13.16,4.07946979668,119.827634323,-4.9204781716,2.66417866817,0.5,10.3877459268,176.175436662,-4.79750982599,1.56578096175,0.0,-0.0641361961194,0.0684627101967,-1.64224915399,0.0,0.0687571527953,0.0972958028502,0.0,0.0,0.0,-0.466785351667
749,13.19,4.07946979668,119.827634323,-4.9204781716,2.66417866817,0.5,10.4335741699,176.212287757,-4.79661648792,1.56506261683,0.0,-0.0497513295172,0.072821832295,-1.64592582034,0.0,0.0655178262908,0.0947560842366,0.0,0.0,0.0,-0.469182891053
750,13.19,4.07946979668,119.827634323,-4.9204781716,2.66417866817,0.5,10.3888782621,176.320539377,-4.79748775318,1.56295244878,0.0,-0.0492886324411,0.0648257107396,-1.64604601357,0.0,0.217102062485,-0.0711443859378,0.0,0.0,0.0,-0.014959233858
751,13.2,4.07946979668,119.827634323,-4.9204781716,2.66417866817,0.5,10.3533387082,176.417823277,-4.798180532,1.56105607647,0.0,-0.0498698252667,0.055121799055,-1.6447596658,0.0,0.194316626541,-0.054992774487,0.0,0.0,0.0,0.132197764279
752,13.21,4.07946979668,119.827634323,-4.9204781716,2.66417866817,0.5,10.3324662727,176.518953967,-4.79858740209,1.559084718,0.0,-0.0480067629255,0.0442951376078,-1.64313083317,0.0,0.199602720195,-0.0261565782633,0.0,0.0,0.0,0.153641478898
753,13.23,4.07946979668,119.827634323,-4.9204781716,2.66417866817,0.5,10.3553337489,176.602863843,-4.79814164232,1.55744904789,0.0,-0.0420848140341,0.0361262124489,-1.64258822965,0.0,0.159964096497,0.0563294778732,0.0,0.0,0.0,0.0303964129365
754,13.23,4.07946979668,119.827634323,-4.9204781716,2.66417866817,0.5,10.3726722199,176.686775789,-4.79780366043,1.55581333744,0.0,-0.0361341508815,0.0283448169526,-1.64219298596,0.0,0.160765734847,0.0454407893659,0.0,0.0,0.0,0.0203263336401
755,13.25,4.07946979668,119.827634323,-4.9204781716,2.66417866817,0.5,10.3827824205,176.771441232,-4.7976065805,1.55416293895,0.0,-0.03041282125,0.0207401217804,-1.64185978625,0.0,0.163237399326,0.0314263983953,0.0,0.0,0.0,0.0192685601509
756,13.27,4.07946979668,119.827634323,-4.9204781716,2.66417866817,0.5,10.3894223059,176.856542919,-4.79747714803,1.55250403666,0.0,-0.0247435817333,0.0132963314945,-1.64159556666,0.0,0.164568205453,0.0246916408928,0.0,0.0,0.0,0.0167605959258
757,13.28,4.07946979668,119.827634323,-4.9204781716,2.66417866817,0.5,10.3941681221,176.942074933,-4.797384637,1.55083674594,0.0,-0.0190869820413,0.00595593200644,-1.64138671194,0.0,0.165666196949,0.0210287388865,0.0,0.0,0.0,0.0154261961389
758,13.3,4.07946979668,119.827634323,-4.9204781716,2.66417866817,0.5,10.3976348324,177.027937887,-4.7973170598,1.54916300415,0.0,-0.0134373948803,-0.00132110704435,-1.64121708885,0.0,0.16648343235,0.0185597772921,0.0,0.0,0.0,0.0156525258719
759,13.32,4.07946979668,119.827634323,-4.9204781716,2.66417866817,0.5,10.4002457616,177.114069719,-4.79726616449,1.54748402107,0.0,-0.00778546789537,-0.00856589853402,-1.64107895469,0.0,0.167124985065,0.0169049702659,0.0,0.0,0.0,0.0166244009989
760,13.34,4.07946979668,119.827634323,-4.9204781716,2.66417866817,0.5,10.4022878124,177.200405996,-4.79722635843,1.5458010527,0.0,-0.00212244229566,-0.0158035528204,-1.64097640913,0.0,0.167592520165,0.0158002843947,0.0,0.0,0.0,0.0171433545669
761,13.35,4.07946979668,119.827634323,-4.9204781716,2.66417866817,0.5,10.4039957805,177.286910877,-4.79719306471,1.54411479772,0.0,0.00356360438077,-0.0230564250465,-1.64091335951,0.0,0.167961837764,0.0151587481205,0.0,0.0,0.0,0.01734129218
762,13.36,4.07946979668,119.827634323,-4.9204781716,2.66417866817,0.5,10.4055385649,177.373572241,-4.79716299094,1.54242549238,0.0,0.00928515471843,-0.0303451537719,-1.64089213792,0.0,0.168283704767,0.0148508712288,0.0,0.0,0.0,0.0173866906515
763,13.37,4.07946979668,119.827634323,-4.9204781716,2.66417866817,0.5,10.4070312753,177.460388724,-4.79713389327,1.54073316328,0.0,0.0150547715333,-0.0376887499214,-1.64091472206,0.0,0.168586294597,0.014773816545,0.0,0.0,0.0,0.0173539264361
764,13.38,4.07946979668,119.827634323,-4.9204781716,2.66417866817,0.5,10.4085529861,177.547365914,-4.79710423029,1.53903770148,0.0,0.0208853056225,-0.0451050531738,-1.64098313236,0.0,0.168887895406,0.014858804621,0.0,0.0,0.0,0.0172786003401
765,13.39,4.07946979668,119.827634323,-4.9204781716,2.66417866817,0.5,10.4101581783,177.634514286,-4.79707293999,1.5373389028,0.0,0.0267899158384,-0.0526111577103,-1.6410995747,0.0,0.169201216505,0.0150590175656,0.0,0.0,0.0,0.0171832776024
766,13.42,4.07946979668,119.827634323,-4.9204781716,2.66417866817,0.5,10.3612843521,177.681976982,-4.79802564616,1.53641370406,0.0,0.0231393937237,-0.0522655449978,-1.64211984672,0.0,0.0989513457443,-0.0885417270521,0.0,0.0,0.0,-0.121247680067
767,13.43,4.07946979668,119.827634323,-4.9204781716,2.66417866817,0.5,10.3387531926,177.731525724,-4.79846485005,1.53544784163,0.0,0.0222882093371,-0.0511661762902,-1.64399634472,0.0,0.0995102031541,-0.036696560124,0.0,0.0,0.0,-0.192057213321
768,13.45,4.07946979668,119.827634323,-4.9204781716,2.66417866817,0.5,10.3333616272,177.777237052,-4.79856994879,1.53455678262,0.0,0.0238584380055,-0.0488099039126,-1.64626381484,0.0,0.08965636217,-0.0036859053304,0.0,0.0,0.0,-0.218912684021
769,13.45,4.07946979668,119.827634323,-4.9204781716,2.66417866817,0.5,10.2941124638,177.824215234,-4.79933503969,1.53364102857,0.0,0.0200329676483,-0.0444159812041,-1.64703835822,0.0,0.0970520192998,-0.069342674473,0.0,0.0,0.0,-0.0952920618013
770,13.46,4.07946979668,119.827634323,-4.9204781716,2.66417866817,0.5,10.2250842393,177.911516504,-4.80068061912,1.53193924943,0.0,0.0107718811838,-0.0454993681664,-1.64655603395,0.0,0.179929026265,-0.121372665334,0.0,0.0,0.0,0.00658621459264
771,13.48,4.07946979668,119.827634323,-4.9204781716,2.66417866817,0.5,10.1622637178,177.995701337,-4.80190519069,1.53029821956,0.0,0.00121622587822,-0.0468841762023,-1.64597258287,0.0,0.172856180971,-0.109773933995,0.0,0.0,0.0,0.0142631773219
772,13.5,4.07946979668,119.827634323,-4.9204781716,2.66417866817,0.5,10.1084079844,178.069786167,-4.80295501005,1.52885407082,0.0,-0.0108446887015,-0.0468715464924,-1.6455945205,0.0,0.151817097619,-0.0939345333146,0.0,0.0,0.0,-0.0186974006133
773,13.5,4.07946979668,119.827634323,-4.9204781716,2.66417866817,0.5,10.1698295818,178.12323832,-4.80175770796,1.52781211852,0.0,-0.00523418340465,-0.0405188222045,-1.64676446003,0.0,0.0941707435997,0.127802126696,0.0,0.0,0.0,-0.0909370542714
774,13.51,4.07946979668,119.827634323,-4.9204781716,2.66417866817,0.5,10.1795302038,178.203271584,-4.80156861201,1.5262520159,0.0,-0.00474746828766,-0.0374839805229,-1.64798567021,0.0,0.154114135382,0.0308784266488,0.0,0.0,0.0,-0.12023160955
775,13.52,4.07946979668,119.827634323,-4.9204781716,2.66417866817,0.5,10.174145492,178.290713944,-4.80167357715,1.52454748646,0.0,-0.00594053164104,-0.0355356303544,-1.64926494227,0.0,0.170745350144,0.00290431602972,0.0,0.0,0.0,-0.132286177959
776,13.53,4.07946979668,119.827634323,-4.9204781716,2.66417866817,0.5,10.1546354368,178.385600728,-4.80205389012,1.52269784156,0.0,-0.00921288590476,-0.0350240655853,-1.65054095279,0.0,0.187381075887,-0.023193356904,0.0,0.0,0.0,-0.139149418852
777,13.54,4.07946979668,119.827634323,-4.9204781716,2.66417866817,0.5,10.2253159073,178.463132209,-4.80067610317,1.52118650665,0.0,-4.52189526626e-05,-0.0273669704641,-1.65458690768,0.0,0.139369846692,0.150359741972,0.0,0.0,0.0,-0.376416710658
778,13.55,4.07946979668,119.827634323,-4.9204781716,2.66417866817,0.5,10.2504094819,178.566649794,-4.80018694967,1.51916862,0.0,0.00461108184558,-0.0227732258777,-1.65849865339,0.0,0.196897692179,0.066526702036,0.0,0.0,0.0,-0.379509766815
779,13.56,4.07946979668,119.827634323,-4.9204781716,2.66417866817,0.5,10.2598154451,178.678775302,-4.80000359756,1.51698293759,0.0,0.00740545273488,-0.0194394531071,-1.66243475678,0.0,0.216075275472,0.0383561543025,0.0,0.0,0.0,-0.387717749935
780,13.56,4.07946979668,119.827634323,-4.9204781716,2.66417866817,0.5,10.2558662019,178.798159106,-4.80008058086,1.51465576791,0.0,0.00809552093527,-0.0175826196649,-1.66637696994,0.0,0.232426657913,0.0145840543532,0.0,0.0,0.0,-0.39295047614
781,13.57,4.07946979668,119.827634323,-4.9204781716,2.66417866817,0.5,10.2416687301,178.923213377,-4.8003573347,1.51221806284,0.0,0.00659395831626,-0.0173202772726,-1.67029098911,0.0,0.245280047036,-0.00334849211801,0.0,0.0,0.0,-0.394030076696
782,13.58,4.07946979668,119.827634323,-4.9204781716,2.66417866817,0.5,10.2284651917,179.047682955,-4.80061471361,1.50979175526,0.0,0.00513848264699,-0.0170337456163,-1.6741998392,0.0,0.243938746313,-0.00054740228192,0.0,0.0,0.0,-0.393385466648
783,13.59,4.07946979668,119.827634323,-4.9204781716,2.66417866817,0.5,10.1737189503,179.193335032,-4.80168189181,1.50695253349,0.0,-0.00326492967681,-0.0216825343558,-1.67808885199,0.0,0.293469890828,-0.0759481147475,0.0,0.0,0.0,-0.405187661543
784,13.6,4.07946979668,119.827634323,-4.9204781716,2.66417866817,0.5,10.1253755633,179.327907047,-4.80262425803,1.50432929733,0.0,-0.0120796563274,-0.026234373785,-1.68227837828,0.0,0.270835196897,-0.0646196447353,0.0,0.0,0.0,-0.440027744759
785,13.61,4.07946979668,119.827634323,-4.9204781716,2.66417866817,0.5,10.1384297294,179.407626602,-4.80236979085,1.5027753099,0.0,-0.0137438676302,-0.0237495058051,-1.6845888252,0.0,0.15148577281,0.0430536549979,0.0,0.0,0.0,-0.235475363181
786,13.62,4.07946979668,119.827634323,-4.9204781716,2.66417866817,0.5,10.1363814575,179.480958151,-4.80240971818,1.50134584501,0.0,-0.0165515707481,-0.0208429852877,-1.68532844969,0.0,0.142459862525,0.0123980703189,0.0,0.0,0.0,-0.0803102591746
787,13.63,4.07946979668,119.827634323,-4.9204781716,2.66417866817,0.5,10.1272460934,179.551978016,-4.80258779545,1.49996144218,0.0,-0.0198985925106,-0.0177394412468,-1.68541866663,0.0,0.13957343334,-0.00184558651805,0.0,0.0,0.0,-0.0155421172166
788,13.64,4.07946979668,119.827634323,-4.9204781716,2.66417866817,0.5,10.1160045668,179.622158929,-4.80280692852,1.4985933932,0.0,-0.0233372542089,-0.0143954577228,-1.68536330803,0.0,0.138423559056,-0.00611963333501,0.0,0.0,0.0,-6.46123433414e-05
789,13.66,4.07946979668,119.827634323,-4.9204781716,2.66417866817,0.5,10.1036447328,179.692385245,-4.80304786096,1.49722445916,0.0,-0.0268447934491,-0.0108781216658,-1.68531377995,0.0,0.138761867897,-0.00828104355134,0.0,0.0,0.0,0.000439794753312
790,13.68,4.07946979668,119.827634323,-4.9204781716,2.66417866817,0.5,10.0904390437,179.762713609,-4.8033052818,1.49585353588,0.0,-0.0304495873949,-0.00721282923632,-1.6852955702,0.0,0.139148082457,-0.00989781570957,0.0,0.0,0.0,-0.00152032476234
791,13.69,4.07946979668,119.827634323,-4.9204781716,2.66417866817,0.5,10.0766627373,179.833034277,-4.80357382578,1.49448276262,0.0,-0.0341634351281,-0.00340155835586,-1.68531036507,0.0,0.13926070954,-0.0110010746095,0.0,0.0,0.0,-0.00353036009848
792,13.7,4.07946979668,119.827634323,-4.9204781716,2.66417866817,0.5,10.0903502507,179.924430727,-4.80330701266,1.49270115542,0.0,-0.0317781615997,-0.00530495777233,-1.68541962857,0.0,0.173963990839,0.0469261865412,0.0,0.0,0.0,-0.00984786394544
793,13.72,4.07946979668,119.827634323,-4.9204781716,2.66417866817,0.5,10.0861875914,180.01169619,-4.80338815611,1.49100007428,0.0,-0.0306914389878,-0.00889013081886,-1.6853737957,0.0,0.169934658235,0.0113824416978,0.0,0.0,0.0,0.0053896457038
794,13.73,4.07946979668,119.827634323,-4.9204781716,2.66417866817,0.5,10.0737644962,180.101217264,-4.80363032171,1.48925502409,0.0,-0.0302257006254,-0.014518380528,-1.68510286106,0.0,0.176139169712,-0.00414867999343,0.0,0.0,0.0,0.0276712974761
795,13.73,4.07946979668,119.827634323,-4.9204781716,2.66417866817,0.5,10.0872486691,180.181506262,-4.80336747234,1.48768993641,0.0,-0.02619392015,-0.0175377730246,-1.68577373324,0.0,0.15249336534,0.0441027021953,0.0,0.0,0.0,-0.060799520137
796,13.74,4.07946979668,119.827634323,-4.9204781716,2.66417866817,0.5,10.0826676856,180.263520402,-4.80345677026,1.48609122024,0.0,-0.0237736245005,-0.0209633429218,-1.68603990223,0.0,0.159853480061,0.00950819441555,0.0,0.0,0.0,-0.0220171881893
797,13.75,4.07946979668,119.827634323,-4.9204781716,2.66417866817,0.5,10.0740520629,180.344553341,-4.80362471612,1.48451163077,0.0,-0.0217422219062,-0.0242917335436,-1.6861342356,0.0,0.158851909037,0.0015003164265,0.0,0.0,0.0,-0.00490328465782
798,13.75,4.07946979668,119.827634323,-4.9204781716,2.66417866817,0.5,10.0653039195,180.425287288,-4.80379524523,1.48293786964,0.0,-0.0197518958432,-0.0274619466536,-1.68620974899,0.0,0.158302905996,0.0011920235543,0.0,0.0,0.0,-0.00247936905346
799,13.76,4.07946979668,119.827634323,-4.9204781716,2.66417866817,0.5,10.0565662486,180.506105256,-4.8039655702,1.48136247065,0.0,-0.0178210384506,-0.0305256090126,-1.68628593767,0.0,0.158463450194,0.00124302469801,0.0,0.0,0.0,-0.00210160241305
800,13.78,4.07946979668,119.827634323,-4.9204781716,2.66417866817,0.5,10.0478551413,180.586959682,-4.80413537736,1.47978636098,0.0,-0.0159639957303,-0.0335014484903,-1.68635317523,0.0,0.158527658519,0.00131306379166,0.0,0.0,0.0,-0.000859144777206
801,13.81,4.07946979668,119.827634323,-4.9204781716,2.66417866817,0.5,10.0392581494,180.667782747,-4.80430296005,1.47821086264,0.0,-0.0141780991499,-0.0363962193713,-1.68640928138,0.0,0.158440837256,0.00153587803372,0.0,0.0,0.0,0.00055079427133
802,13.82,4.07946979668,119.827634323,-4.9204781716,2.66417866817,0.5,10.0200102871,180.733834732,-4.80467816204,1.47692329958,0.0,-0.0153807364677,-0.0355922143628,-1.68623978912,0.0,0.132157294385,-0.0224669031687,0.0,0.0,0.0,0.0124875690248
803,13.84,4.07946979668,119.827634323,-4.9204781716,2.66417866817,0.5,10.0076629516,180.799927683,-4.80491885085,1.47563493795,0.0,-0.0159742361309,-0.0328663698745,-1.68638474539,0.0,0.130676488229,-0.00903324679384,0.0,0.0,0.0,-0.0163105394164
804,13.86,4.07946979668,119.827634323,-4.9204781716,2.66417866817,0.5,9.9868531122,180.877579858,-4.80532450074,1.47412125032,0.0,-0.0184202778885,-0.0318885469281,-1.6865414111,0.0,0.155053083662,-0.0228137925452,0.0,0.0,0.0,-0.0236620842581
805,13.86,4.07946979668,119.827634323,-4.9204781716,2.66417866817,0.5,9.9764965242,180.952488914,-4.80552638354,1.47266103482,0.0,-0.0200149230153,-0.0304644273859,-1.68666512962,0.0,0.14737790016,-0.00315671669258,0.0,0.0,0.0,-0.0173958785711
806,13.88,4.07946979668,119.827634323,-4.9204781716,2.66417866817,0.5,9.96780078778,181.026879993,-4.80569589108,1.47121091631,0.0,-0.0215061634219,-0.0289342472768,-1.68676870702,0.0,0.146006146212,-3.96458401757e-05,0.0,0.0,0.0,-0.0148089373817
807,13.89,4.07946979668,119.827634323,-4.9204781716,2.66417866817,0.5,9.95892051214,181.101198908,-4.80586899586,1.46976220453,0.0,-0.0230710912375,-0.0273744719977,-1.68687460424,0.0,0.145904758388,-0.000403927810598,0.0,0.0,0.0,-0.0150523996606
808,13.9,4.07946979668,119.827634323,-4.9204781716,2.66417866817,0.5,9.95575195543,181.183219169,-4.8059307611,1.46816336903,0.0,-0.0222902363333,-0.0284140470357,-1.6866132731,0.0,0.159535708963,0.0123483093857,0.0,0.0,0.0,0.0283439249635
809,13.91,4.07946979668,119.827634323,-4.9204781716,2.66417866817,0.5,9.94771326234,181.262677894,-4.80608746077,1.46661446601,0.0,-0.0214873449546,-0.0299786933312,-1.68641587634,0.0,0.155652140942,0.00229674624487,0.0,0.0,0.0,0.022054172822
810,13.91,4.07946979668,119.827634323,-4.9204781716,2.66417866817,0.5,9.93883587008,181.340608579,-4.80626050936,1.46509534933,0.0,-0.0207494026787,-0.0313795333998,-1.6864125351,0.0,0.152885035697,0.000334880223813,0.0,0.0,0.0,0.0025909210969
811,13.92,4.07946979668,119.827634323,-4.9204781716,2.66417866817,0.5,9.92406288408,181.409941983,-4.80654848179,1.46374382099,0.0,-0.0217514042739,-0.0305776590836,-1.68635921925,0.0,0.137559399184,-0.0130199403654,0.0,0.0,0.0,0.00219156028354
812,13.93,4.07946979668,119.827634323,-4.9204781716,2.66417866817,0.5,9.91911512375,181.481519965,-4.80664492936,1.4623485387,0.0,-0.0208180280101,-0.0306806867231,-1.68630587258,0.0,0.139687151018,0.00649948787505,0.0,0.0,0.0,0.00820974945159
813,13.93,4.07946979668,119.827634323,-4.9204781716,2.66417866817,0.5,9.90795160437,181.551248072,-4.80686254183,1.46098931634,0.0,-0.0205104393117,-0.0305810211288,-1.6863625279,0.0,0.137499031397,-0.00595274949877,0.0,0.0,0.0,-0.00473235390096
814,13.93,4.07946979668,119.827634323,-4.9204781716,2.66417866817,0.5,9.89565185775,181.6213983,-4.80710230297,1.45962186549,0.0,-0.020387808778,-0.030441586613,-1.68645148397,0.0,0.138573246579,-0.00804473129554,0.0,0.0,0.0,-0.00852836603587
815,13.93,4.07946979668,119.827634323,-4.9204781716,2.66417866817,0.5,9.88386972802,181.692034065,-4.80733197411,1.45824495001,0.0,-0.0202666170679,-0.0303021493381,-1.68654058024,0.0,0.139396512694,-0.006920508702,0.0,0.0,0.0,-0.00854774419894
816,13.95,4.07946979668,119.827634323,-4.9204781716,2.66417866817,0.5,9.87238882695,181.763185157,-4.80755577335,1.45685798915,0.0,-0.0201285502994,-0.0301876044921,-1.68662592109,0.0,0.14035327365,-0.00620065393003,0.0,0.0,0.0,-0.00811656736727
817,13.96,4.07946979668,119.827634323,-4.9204781716,2.66417866817,0.5,9.86089662217,181.834302081,-4.80777979294,1.45547169433,0.0,-0.0199907898541,-0.0300726931312,-1.6867126394,0.0,0.140290204036,-0.00621807854502,0.0,0.0,0.0,-0.00825681900297
818,13.97,4.07946979668,119.827634323,-4.9204781716,2.66417866817,0.5,9.84939519966,181.905391683,-4.80800399221,1.45408593211,0.0,-0.0198532994719,-0.0299574879957,-1.68680047694,0.0,0.140239924505,-0.0062297629616,0.0,0.0,0.0,-0.00837113719665
819,13.98,4.07946979668,119.827634323,-4.9204781716,2.66417866817,0.5,9.88820588852,181.959378494,-4.80724744857,1.45303355763,0.0,-0.0117954180875,-0.0253961106087,-1.68737673598,0.0,0.0957185446354,0.0874839353215,0.0,0.0,0.0,-0.0353951048013
820,13.99,4.07946979668,119.827634323,-4.9204781716,2.66417866817,0.5,9.95196346799,182.057478336,-4.80600461076,1.45112127999,0.0,0.00454071118836,-0.0282636530482,-1.6890731126,0.0,0.175471214015,0.146055083044,0.0,0.0,0.0,-0.125787022754
821,14.0,4.07946979668,119.827634323,-4.9204781716,2.66417866817,0.5,10.0523870902,182.126870265,-4.80404703528,1.44976861082,0.0,0.0285756641194,-0.0245958092028,-1.69045343927,0.0,0.111057761695,0.210580891933,0.0,0.0,0.0,-0.0746267775603
822,14.01,4.07946979668,119.827634323,-4.9204781716,2.66417866817,0.5,10.1444488056,182.204975774,-4.80225245993,1.44824608627,0.0,0.0554625332241,-0.0234212498655,-1.69259514137,0.0,0.129706837637,0.196426279983,0.0,0.0,0.0,-0.149610823212
823,14.04,4.07946979668,119.827634323,-4.9204781716,2.66417866817,0.5,10.2340598998,182.282493505,-4.80050565497,1.4467350194,0.0,0.0822231391983,-0.0221781323521,-1.69476216091,0.0,0.128732965021,0.191613963112,0.0,0.0,0.0,-0.155690265297
824,14.05,4.07946979668,119.827634323,-4.9204781716,2.66417866817,0.5,9.90980316076,181.89165728,-4.80682644911,1.45435365925,0.0,0.0185247742557,0.0512821425208,-1.70027343431,0.0,-0.204521560344,-0.288432497792,0.0,0.0,0.0,-0.0914051910843
825,14.07,4.07946979668,119.827634323,-4.9204781716,2.66417866817,0.5,10.0228979024,181.962691212,-4.80462187325,1.45296898223,0.0,0.0468919578133,0.058136020659,-1.70222514783,0.0,0.100390707889,0.20784875632,0.0,0.0,0.0,-0.360246555177
826,14.09,4.07946979668,119.827634323,-4.9204781716,2.66417866817,0.5,10.1185854232,182.025896041,-4.80275661943,1.45173691927,0.0,0.0718085707443,0.0666991176463,-1.70428302894,0.0,0.0982304400149,0.201089604385,0.0,0.0,0.0,-0.361220414005
827,14.11,4.07946979668,119.827634323,-4.9204781716,2.66417866817,0.5,10.2133619575,182.089873386,-4.80090912364,1.45048979754,0.0,0.0966837200645,0.0752795151716,-1.7061480052,0.0,0.0996399684983,0.199563921258,0.0,0.0,0.0,-0.362947405411
828,14.12,4.07946979668,119.827634323,-4.9204781716,2.66417866817,0.5,9.82724171251,182.493149425,-4.80843583406,1.44262866618,0.0,0.0570464289194,0.0325830589379,-1.70580708732,0.0,0.452915206218,-0.201149230125,0.0,0.0,0.0,-0.12062546645
829,14.13,4.07946979668,119.827634323,-4.9204781716,2.66417866817,0.5,9.70011357933,182.706467862,-4.81091396532,1.43847041204,0.0,0.0534344882106,0.0188388637522,-1.70691169083,0.0,0.445641432777,-0.1892353975,0.0,0.0,0.0,-0.101174506299
830,14.15,4.07946979668,119.827634323,-4.9204781716,2.66417866817,0.5,9.572078874,182.919671945,-4.81340976854,1.43431438704,0.0,0.0497873301125,0.00509682855052,-1.70796446883,0.0,0.44583655515,-0.190540732405,0.0,0.0,0.0,-0.100912942605
831,14.17,4.07946979668,119.827634323,-4.9204781716,2.66417866817,0.5,9.44329861815,183.132758393,-4.81592010491,1.43016065511,0.0,0.0461132290957,-0.00864355342609,-1.7089656724,0.0,0.445975461298,-0.191558742772,0.0,0.0,0.0,-0.100771932455
832,14.18,4.07946979668,119.827634323,-4.9204781716,2.66417866817,0.5,9.31390330817,183.345720796,-4.81844243064,1.4260093412,0.0,0.0424185076424,-0.0223827255534,-1.70991552612,0.0,0.446059283043,-0.19234930051,0.0,0.0,0.0,-0.100716965262
833,14.18,4.07946979668,119.827634323,-4.9204781716,2.66417866817,0.5,9.18399904129,183.558550118,-4.82097467756,1.42186062148,0.0,0.0387079275445,-0.0361210647,-1.7108142239,0.0,0.44608885742,-0.192960312001,0.0,0.0,0.0,-0.100722657527
834,14.19,4.07946979668,119.827634323,-4.9204781716,2.66417866817,0.5,9.05367242544,183.77123513,-4.8235151574,1.41771471482,0.0,0.0349850039108,-0.049858882118,-1.71166192583,0.0,0.446064636931,-0.19343003342,0.0,0.0,0.0,-0.100770506722
835,14.2,4.07946979668,119.827634323,-4.9204781716,2.66417866817,0.5,8.92299450826,183.983762778,-4.82606248522,1.41357187568,0.0,0.0312522563574,-0.0635964267808,-1.71245875571,0.0,0.445986949474,-0.193789082917,0.0,0.0,0.0,-0.10084716607
836,14.21,4.07946979668,119.827634323,-4.9204781716,2.66417866817,0.5,8.7920239182,184.196118497,-4.82861551816,1.40943238798,0.0,0.0275114094874,-0.0773338900932,-1.7132047991,0.0,0.445855954637,-0.194061872354,0.0,0.0,0.0,-0.100943127963
837,14.22,4.07946979668,119.827634323,-4.9204781716,2.66417866817,0.5,8.66080937381,184.408286473,-4.83117330655,1.40529655998,0.0,0.0237635526168,-0.0910714112492,-1.71390010176,0.0,0.445671751034,-0.19426790496,0.0,0.0,0.0,-0.101051724665
838,14.22,4.07946979668,119.827634323,-4.9204781716,2.66417866817,0.5,8.52939168752,184.620249864,-4.83373505482,1.40116471999,0.0,0.020009266835,-0.104809082758,-1.71454466821,0.0,0.44543434358,-0.194422868167,0.0,0.0,0.0,-0.101168373564
839,14.23,4.07946979668,119.827634323,-4.9204781716,2.66417866817,0.5,8.39780536498,184.831990988,-4.83630009035,1.39703721271,0.0,0.0162487259312,-0.118546955829,-1.71513846052,0.0,0.44514368634,-0.194539171927,0.0,0.0,0.0,-0.101290009894
840,14.24,4.07946979668,119.827634323,-4.9204781716,2.66417866817,0.5,8.24096661927,184.904248277,-4.83935737584,1.39562868856,0.0,-0.00419194205283,-0.113901621071,-1.7201983707,0.0,0.183253359959,-0.281387138498,0.0,0.0,0.0,-0.743056272861
841,14.24,4.07946979668,119.827634323,-4.9204781716,2.66417866817,0.5,8.08936116395,184.977377036,-4.84231264788,1.39420317668,0.0,-0.0243179395739,-0.109379497234,-1.72541181399,0.0,0.184995944668,-0.269789480315,0.0,0.0,0.0,-0.745577146083
842,14.25,4.07946979668,119.827634323,-4.9204781716,2.66417866817,0.5,7.93819948901,185.048704224,-4.84525926922,1.39281278315,0.0,-0.0444622426794,-0.104893646023,-1.7306915957,0.0,0.182835572789,-0.268425062791,0.0,0.0,0.0,-0.743395860464
843,14.26,4.07946979668,119.827634323,-4.9204781716,2.66417866817,0.5,7.95712076469,185.043649509,-4.84489043344,1.39291131562,0.0,-0.0426911974437,-0.0872716723548,-1.73621756725,0.0,-0.0160916893352,0.035787018717,0.0,0.0,0.0,-0.535574864676
844,14.27,4.07946979668,119.827634323,-4.9204781716,2.66417866817,0.5,7.94059326332,185.054086111,-4.84521260695,1.39270787308,0.0,-0.044045621808,-0.0652625905371,-1.73920342063,0.0,0.0250252025383,-0.0277834856296,0.0,0.0,0.0,-0.309046353589
845,14.28,4.07946979668,119.827634323,-4.9204781716,2.66417866817,0.5,7.92082771589,185.078227833,-4.84559790028,1.39223727421,0.0,-0.0448884485685,-0.0428400126804,-1.74188734702,0.0,0.0526801731342,-0.0294103178455,0.0,0.0,0.0,-0.272892456782
846,14.28,4.07946979668,119.827634323,-4.9204781716,2.66417866817,0.5,7.95976637834,185.171531921,-4.84483886202,1.39041848107,0.0,-0.0286717201425,-0.0310365398567,-1.74463183767,0.0,0.166253502527,0.106618152514,0.0,0.0,0.0,-0.214827862123
847,14.29,4.07946979668,119.827634323,-4.9204781716,2.66417866817,0.5,7.9569491223,185.238891168,-4.84489377929,1.38910543531,0.0,-0.0173622900163,-0.0167913575439,-1.74643116691,0.0,0.130293946036,0.0177486924516,0.0,0.0,0.0,-0.152899016593
848,14.29,4.07946979668,119.827634323,-4.9204781716,2.66417866817,0.5,7.94202724058,185.300956505,-4.84518465418,1.38789558469,0.0,-0.00784106719349,-0.00171009839783,-1.74779837956,0.0,0.124276249036,-0.00715703610075,0.0,0.0,0.0,-0.127917035094
849,14.3,4.07946979668,119.827634323,-4.9204781716,2.66417866817,0.5,7.91706781294,185.355481642,-4.84567119273,1.38683271654,0.0,-0.000391057807606,0.0146526676092,-1.74897093788,0.0,0.113299631354,-0.028901354755,0.0,0.0,0.0,-0.122081555036
850,14.32,4.07946979668,119.827634323,-4.9204781716,2.66417866817,0.5,7.93543150299,185.432025007,-4.84531322606,1.38534064313,0.0,0.0140795312482,0.0279077844658,-1.74923430851,0.0,0.140633535506,0.0617735527189,0.0,0.0,0.0,-0.0571659118351
851,14.34,4.07946979668,119.827634323,-4.9204781716,2.66417866817,0.5,7.95705608715,185.504592903,-4.84489169421,1.38392606428,0.0,0.0300529671207,0.0407009687411,-1.74893356448,0.0,0.131882450148,0.0664843928623,0.0,0.0,0.0,-0.0247189671465
852,14.35,4.07946979668,119.827634323,-4.9204781716,2.66417866817,0.5,7.91219122981,185.520272325,-4.84576625283,1.38362042252,0.0,0.0347615547789,0.0626156673977,-1.74901265837,0.0,0.0457798251615,-0.0807699672589,0.0,0.0,0.0,-0.0323124181565
853,14.36,4.07946979668,119.827634323,-4.9204781716,2.66417866817,0.5,7.90194280768,185.562064654,-4.84596602714,1.38280575724,0.0,0.0434135981044,0.0825851753359,-1.74875502672,0.0,0.0840665738244,-0.00529868907187,0.0,0.0,0.0,-0.0370135382336
854,14.36,4.07946979668,119.827634323,-4.9204781716,2.66417866817,0.5,7.90844629985,185.614559158,-4.84583925341,1.38178247256,0.0,0.0543100931175,0.101558258131,-1.74807483311,0.0,0.098905213551,0.0303710424012,0.0,0.0,0.0,-0.0321809885725
855,14.38,4.07946979668,119.827634323,-4.9204781716,2.66417866817,0.5,7.92816024351,185.675634273,-4.84545496601,1.3805919245,0.0,0.0676745795986,0.119388219609,-1.74696186231,0.0,0.110963803794,0.0584473538638,0.0,0.0,0.0,-0.0360702890733
856,14.39,4.07946979668,119.827634323,-4.9204781716,2.66417866817,0.5,7.95704510543,185.742175991,-4.84489190828,1.37929481498,0.0,0.083497057332,0.136087935806,-1.74537423956,0.0,0.118515580301,0.0776053994457,0.0,0.0,0.0,-0.0428357580162
857,14.4,4.07946979668,119.827634323,-4.9204781716,2.66417866817,0.5,7.96149711994,185.788191912,-4.84480512437,1.37839781848,0.0,0.0968401897657,0.155679915647,-1.74379181422,0.0,0.0875793243444,0.0235465685316,0.0,0.0,0.0,-0.035781118489
858,14.41,4.07946979668,119.827634323,-4.9204781716,2.66417866817,0.5,7.96705084248,185.835202058,-4.84469686467,1.37748144137,0.0,0.110625034507,0.175960342413,-1.74190485354,0.0,0.0893357353127,0.0257570422915,0.0,0.0,0.0,-0.0388839125535
859,14.42,4.07946979668,119.827634323,-4.9204781716,2.66417866817,0.5,7.97493532847,185.883298197,-4.84454317098,1.37654389479,0.0,0.125070906096,0.196743225305,-1.73960202081,0.0,0.0908826872396,0.0302782886752,0.0,0.0,0.0,-0.0374103157989
860,14.43,4.07946979668,119.827634323,-4.9204781716,2.66417866817,0.5,7.98398855495,185.931140351,-4.84436669484,1.3756112992,0.0,0.140150062786,0.218166014575,-1.73686033372,0.0,0.0902862817608,0.0320526970259,0.0,0.0,0.0,-0.0364648609645
861,14.45,4.07946979668,119.827634323,-4.9204781716,2.66417866817,0.5,7.9938235084,185.978335702,-4.84417498034,1.37469131185,0.0,0.155909193918,0.240306199495,-1.73365170424,0.0,0.0891191709575,0.0329124816541,0.0,0.0,0.0,-0.0372922207171
862,14.47,4.07946979668,119.827634323,-4.9204781716,2.66417866817,0.5,8.00687130611,186.033561091,-4.84392063731,1.37361479355,0.0,0.172983775918,0.262387813684,-1.73013288391,0.0,0.103938782607,0.0411436316192,0.0,0.0,0.0,-0.0728700187797
863,14.49,4.07946979668,119.827634323,-4.9204781716,2.66417866817,0.5,8.02339356046,186.091521155,-4.84359856607,1.37248496774,0.0,0.191941877568,0.28427408759,-1.7256796626,0.0,0.108511017837,0.0479124860511,0.0,0.0,0.0,-0.0664659794455
864,14.51,4.07946979668,119.827634323,-4.9204781716,2.66417866817,0.5,8.05838297015,186.082164671,-4.8429165113,1.37266735534,0.0,0.213009683043,0.295405307784,-1.72029559009,0.0,-0.0248009417531,0.0581667566198,0.0,0.0,0.0,-0.0719038363728
865,14.52,4.07946979668,119.827634323,-4.9204781716,2.66417866817,0.5,8.0890419324,186.074064734,-4.84231887071,1.37282524885,0.0,0.233910202045,0.307498704238,-1.71482306567,0.0,-0.0232440310965,0.0555579407819,0.0,0.0,0.0,-0.0733306480397
866,14.53,4.07946979668,119.827634323,-4.9204781716,2.66417866817,0.5,8.12342673177,186.071442504,-4.84164860172,1.37287636444,0.0,0.25587171778,0.313438573784,-1.70915449353,0.0,-0.00947336256946,0.0568811633732,0.0,0.0,0.0,-0.113902684483
867,14.54,4.07946979668,119.827634323,-4.9204781716,2.66417866817,0.5,8.14792653572,186.04979118,-4.8411710227,1.37329841754,0.0,0.234522104229,0.25733251084,-1.71613812237,0.0,0.0213023883833,0.0175319847168,0.0,0.0,0.0,-0.16366334097
868,14.55,4.07946979668,119.827634323,-4.9204781716,2.66417866817,0.5,8.15479351823,186.061729703,-4.84103716339,1.37306569779,0.0,0.250340427619,0.257928821242,-1.71361825888,0.0,0.0213446623385,0.0160509801237,0.0,0.0,0.0,-0.151056826711
869,14.57,4.07946979668,119.827634323,-4.9204781716,2.66417866817,0.5,8.16623404388,186.07208242,-4.84081415119,1.37286389044,0.0,0.263150916079,0.253261762896,-1.7116858972,0.0,0.0170843275216,0.0246305008633,0.0,0.0,0.0,-0.130995306573
870,14.58,4.07946979668,119.827634323,-4.9204781716,2.66417866817,0.5,8.17737289589,186.082390464,-4.84059701957,1.37266295391,0.0,0.276657495399,0.249739257535,-1.7096397101,0.0,0.0169578351487,0.0239391447185,0.0,0.0,0.0,-0.131508038843
871,14.59,4.07946979668,119.827634323,-4.9204781716,2.66417866817,0.5,8.18873257202,186.092155869,-4.84037558339,1.37247259514,0.0,0.286816594518,0.240708422163,-1.70853441047,0.0,0.0161958000058,0.0240237720884,0.0,0.0,0.0,-0.135461723525
872,14.6,4.07946979668,119.827634323,-4.9204781716,2.66417866817,0.5,8.19981005609,186.101945338,-4.84015964803,1.37228176729,0.0,0.297875872739,0.233216826579,-1.70729353354,0.0,0.0159965731984,0.0237680536272,0.0,0.0,0.0,-0.135534550513
873,14.61,4.07946979668,119.827634323,-4.9204781716,2.66417866817,0.5,8.21204768449,186.112038038,-4.83992109777,1.3720850285,0.0,0.305743082059,0.220118723068,-1.70692662519,0.0,0.0164566973473,0.0256687961405,0.0,0.0,0.0,-0.138318101396
874,14.62,4.07946979668,119.827634323,-4.9204781716,2.66417866817,0.5,8.14686038774,186.063832183,-4.84119180531,1.37302471378,0.0,0.300206363658,0.220679227978,-1.70530370437,0.0,-0.0765211786499,-0.138880424059,0.0,0.0,0.0,0.282907246364
875,14.63,4.07946979668,119.827634323,-4.9204781716,2.66417866817,0.5,8.0844393738,186.019843646,-4.8424085892,1.37388219014,0.0,0.294869093979,0.221067509559,-1.70366640467,0.0,-0.0687426291158,-0.132061169547,0.0,0.0,0.0,0.280660316845
876,14.64,4.07946979668,119.827634323,-4.9204781716,2.66417866817,0.5,8.02181098043,185.975902383,-4.84362941559,1.37473874497,0.0,0.289526748595,0.221459273279,-1.70203024534,0.0,-0.0688137050774,-0.132335653894,0.0,0.0,0.0,0.280860773316
877,14.66,4.07946979668,119.827634323,-4.9204781716,2.66417866817,0.5,7.95899835803,185.932030478,-4.84485383318,1.37559394779,0.0,0.284180785752,0.221854250431,-1.70039484557,0.0,-0.068848940042,-0.132559939321,0.0,0.0,0.0,0.281069367157
878,14.68,4.07946979668,119.827634323,-4.9204781716,2.66417866817,0.5,7.89602032462,185.888245648,-4.84608147515,1.37644745326,0.0,0.278832366119,0.222252235159,-1.69875988879,0.0,-0.0688554849251,-0.132743671549,0.0,0.0,0.0,0.281285937829
879,14.68,4.07946979668,119.827634323,-4.9204781716,2.66417866817,0.5,7.83289224219,185.844562135,-4.84731204206,1.37729898373,0.0,0.273482414105,0.222653070386,-1.69712511157,0.0,-0.0688390484505,-0.132894506637,0.0,0.0,0.0,0.281510157513
880,14.7,4.07946979668,119.827634323,-4.9204781716,2.66417866817,0.5,7.76962671625,185.80099142,-4.84854528818,1.3781483154,0.0,0.268131666579,0.223056636817,-1.69549029437,0.0,-0.0688041567533,-0.133018555647,0.0,0.0,0.0,0.281741603266
881,14.71,4.07946979668,119.827634323,-4.9204781716,2.66417866817,0.5,7.70623415407,185.757542787,-4.84978101064,1.3789952673,0.0,0.26278071156,0.223462844355,-1.69385525385,0.0,-0.0687544168248,-0.133120693565,0.0,0.0,0.0,0.281979807732
882,14.72,4.07946979668,119.827634323,-4.9204781716,2.66417866817,0.5,7.64272321015,185.714223772,-4.85101904074,1.37983969255,0.0,0.257430018947,0.223871625431,-1.69221983654,0.0,-0.0686927373449,-0.133204779175,0.0,0.0,0.0,0.282224293735
883,14.73,4.07946979668,119.827634323,-4.9204781716,2.66417866817,0.5,7.57910114162,185.671040521,-4.85225923701,1.38068147133,0.0,0.252079964911,0.22428292982,-1.69058391357,0.0,-0.0686213877042,-0.133273897215,0.0,0.0,0.0,0.28247459701
884,14.73,4.07946979668,119.827634323,-4.9204781716,2.66417866817,0.5,7.56425406455,185.694683692,-4.85254865371,1.3802205908,0.0,0.253482582892,0.190722829205,-1.6878668714,0.0,0.0815976871332,-0.048112043664,0.0,0.0,0.0,0.234109835229
885,14.75,4.07946979668,119.827634323,-4.9204781716,2.66417866817,0.5,7.53637689777,185.73401303,-4.85309206827,1.37945393704,0.0,0.253192131462,0.165290034949,-1.68562864196,0.0,0.0833915496459,-0.0447354582792,0.0,0.0,0.0,0.228966421243
886,14.77,4.07946979668,119.827634323,-4.9204781716,2.66417866817,0.5,7.51320181986,185.800499194,-4.85354382417,1.37815791044,0.0,0.25388590227,0.133228574662,-1.68369626885,0.0,0.13782714768,-0.0336906736718,0.0,0.0,0.0,0.181157874716
887,14.79,4.07946979668,119.827634323,-4.9204781716,2.66417866817,0.5,7.48973681675,185.869363339,-4.85400123164,1.37681552944,0.0,0.254451029891,0.102404274934,-1.68184735832,0.0,0.139387710321,-0.0301095006469,0.0,0.0,0.0,0.17824757216
888,14.79,4.07946979668,119.827634323,-4.9204781716,2.66417866817,0.5,7.24437274497,185.434752653,-4.85878415702,1.38528747265,0.0,0.173305697297,0.154239230306,-1.69114302613,0.0,0.044546125058,-0.125367766804,0.0,0.0,0.0,0.0261641971782
889,14.81,4.07946979668,119.827634323,-4.9204781716,2.66417866817,0.5,7.33787504205,185.582836946,-4.85696150015,1.38240083927,0.0,0.183135017692,0.130636284878,-1.69433038054,0.0,0.264913036776,0.215295320127,0.0,0.0,0.0,-0.45977431585
890,14.82,4.07946979668,119.827634323,-4.9204781716,2.66417866817,0.5,7.426940258,185.729111628,-4.8552253361,1.37954948094,0.0,0.192820585734,0.107149284064,-1.69774972124,0.0,0.261452793028,0.207447504092,0.0,0.0,0.0,-0.456826985258
891,14.84,4.07946979668,119.827634323,-4.9204781716,2.66417866817,0.5,7.51528493491,185.875818329,-4.85350321764,1.3766897012,0.0,0.202579119598,0.083695405452,-1.70137534072,0.0,0.261576876911,0.207055275942,0.0,0.0,0.0,-0.455546828825
892,14.84,4.07946979668,119.827634323,-4.9204781716,2.66417866817,0.5,7.6028733125,186.022804426,-4.85179584186,1.37382447512,0.0,0.212421607757,0.0602780845528,-1.70521076261,0.0,0.26137807459,0.206612936902,0.0,0.0,0.0,-0.454340082569
893,14.85,4.07946979668,119.827634323,-4.9204781716,2.66417866817,0.5,7.68966944788,186.169919806,-4.8501039094,1.37095672893,0.0,0.222358805813,0.0369006831973,-1.70925987885,0.0,0.260862093057,0.206118509539,0.0,0.0,0.0,-0.453181328883
894,14.86,4.07946979668,119.827634323,-4.9204781716,2.66417866817,0.5,7.58321506428,185.971968176,-4.85217904358,1.37481543516,0.0,0.163826760883,0.0757898578562,-1.71843234222,0.0,0.00749874779392,-0.0504893567489,0.0,0.0,0.0,-0.0199924232358
895,14.88,4.07946979668,119.827634323,-4.9204781716,2.66417866817,0.5,7.53518442261,185.761921105,-4.8531153134,1.37890991997,0.0,0.115313489173,0.129224053788,-1.72848656062,0.0,0.00365965959529,-0.0429597690369,0.0,0.0,0.0,-0.0336935555774
896,14.89,4.07946979668,119.827634323,-4.9204781716,2.66417866817,0.5,7.61964766383,185.869633058,-4.85146885646,1.37681027177,0.0,0.127028901615,0.117399239213,-1.73133961381,0.0,0.181462084315,0.195488310987,0.0,0.0,0.0,-0.430035972379
897,14.9,4.07946979668,119.827634323,-4.9204781716,2.66417866817,0.5,7.70063248361,185.976037161,-4.849890205,1.37473611773,0.0,0.138574159522,0.105652836373,-1.7343485257,0.0,0.179365314039,0.189050762249,0.0,0.0,0.0,-0.429388407502
898,14.91,4.07946979668,119.827634323,-4.9204781716,2.66417866817,0.5,7.7809977203,186.082891886,-4.84832363118,1.3726531796,0.0,0.150123381334,0.0939233084297,-1.73748115577,0.0,0.179806763674,0.188537578051,0.0,0.0,0.0,-0.428323194705
899,14.92,4.07946979668,119.827634323,-4.9204781716,2.66417866817,0.5,7.34559318369,185.677346483,-4.85681104905,1.38055854809,0.0,0.0731227016004,0.151391659711,-1.74106104277,0.0,-0.145947627715,-0.349448273807,0.0,0.0,0.0,0.143791269556
900,14.93,4.07946979668,119.827634323,-4.9204781716,2.66417866817,0.5,7.37696253623,185.780371916,-4.8561995607,1.37855025505,0.0,0.0847386065858,0.144429336634,-1.74480866785,0.0,0.189184029581,0.0947160873522,0.0,0.0,0.0,-0.540651993551
901,14.93,4.07946979668,119.827634323,-4.9204781716,2.66417866817,0.5,7.40440595627,185.882485236,-4.85566460124,1.37655974199,0.0,0.0959612557972,0.137562790167,-1.7485746421,0.0,0.187001415827,0.0875101412097,0.0,0.0,0.0,-0.534312423553
902,14.94,4.07946979668,119.827634323,-4.9204781716,2.66417866817,0.5,7.4307696495,185.984923835,-4.85515068909,1.37456288821,0.0,0.107145518112,0.13071122406,-1.75240408291,0.0,0.187652159685,0.0862504724815,0.0,0.0,0.0,-0.532520614467
903,14.94,4.07946979668,119.827634323,-4.9204781716,2.66417866817,0.5,7.45613754027,186.087717861,-4.8546561883,1.37255910602,0.0,0.118299434664,0.123876597315,-1.75629996872,0.0,0.188337903368,0.0851812733612,0.0,0.0,0.0,-0.531191536274
904,14.95,4.07946979668,119.827634323,-4.9204781716,2.66417866817,0.5,7.48057362198,186.190889005,-4.85417985142,1.37054797262,0.0,0.129429667772,0.117060637716,-1.76026470692,0.0,0.189047577715,0.0842622968515,0.0,0.0,0.0,-0.530237493889
905,14.96,4.07946979668,119.827634323,-4.9204781716,2.66417866817,0.5,7.50412589456,186.294451984,-4.8537207428,1.36852920109,0.0,0.140541761857,0.110264898412,-1.76430024635,0.0,0.189772141125,0.0834611124062,0.0,0.0,0.0,-0.529588544761
906,14.98,4.07946979668,119.827634323,-4.9204781716,2.66417866817,0.5,7.44577128778,186.340130577,-4.8548582595,1.36763878017,0.0,0.139420992975,0.111426448127,-1.76714185009,0.0,0.109400422798,-0.0943062191373,0.0,0.0,0.0,-0.271669150863
907,15.0,4.07946979668,119.827634323,-4.9204781716,2.66417866817,0.5,7.38887427996,186.38839346,-4.85596736296,1.36669798324,0.0,0.138403538336,0.112464843898,-1.76994552621,0.0,0.114145491657,-0.0900908329608,0.0,0.0,0.0,-0.269001584167
908,15.01,4.07946979668,119.827634323,-4.9204781716,2.66417866817,0.5,7.33179597008,186.436488705,-4.85708000058,1.36576045409,0.0,0.137368287365,0.113501915002,-1.77274534453,0.0,0.114147755103,-0.0901826070864,0.0,0.0,0.0,-0.268310244548
909,15.02,4.07946979668,119.827634323,-4.9204781716,2.66417866817,0.5,7.27457260558,186.484443776,-4.85819546578,1.36482565739,0.0,0.136317709598,0.114537566761,-1.77554220473,0.0,0.114189268549,-0.0901953444289,0.0,0.0,0.0,-0.267733455109
910,15.05,4.07946979668,119.827634323,-4.9204781716,2.66417866817,0.5,7.21723322827,186.532280667,-4.85931319243,1.36389316438,0.0,0.135253783648,0.115571722727,-1.77833682969,0.0,0.114261879899,-0.0901445709607,0.0,0.0,0.0,-0.267248678636
911,15.06,4.07946979668,119.827634323,-4.9204781716,2.66417866817,0.5,7.15980111173,186.580016992,-4.86043272687,1.36296263174,0.0,0.134178094842,0.11660432108,-1.78112980027,0.0,0.114359092761,-0.0900427460468,0.0,0.0,0.0,-0.266837784012
912,15.07,4.07946979668,119.827634323,-4.9204781716,2.66417866817,0.5,7.10229491276,186.627666847,-4.8615537054,1.36203378466,0.0,0.133091913538,0.117635311621,-1.78392158336,0.0,0.114475716517,-0.089899853319,0.0,0.0,0.0,-0.266486191399
913,15.08,4.07946979668,119.827634323,-4.9204781716,2.66417866817,0.5,7.04472959312,186.675241515,-4.86267583639,1.36110640321,0.0,0.131996257891,0.118664653309,-1.78671255435,0.0,0.114607615412,-0.0897239007917,0.0,0.0,0.0,-0.2661821806
914,15.08,4.07946979668,119.827634323,-4.9204781716,2.66417866817,0.5,6.98711715752,186.722750022,-4.86379888582,1.36018031147,0.0,0.130891944144,0.119692312277,-1.78950301525,0.0,0.11475149763,-0.0895213015495,0.0,0.0,0.0,-0.265916332602
915,15.09,4.07946979668,119.827634323,-4.9204781716,2.66417866817,0.5,7.06353648959,186.862305795,-4.86230923022,1.35745992602,0.0,0.150533725787,0.109820941045,-1.78943896651,0.0,0.233582603465,0.204152067217,0.0,0.0,0.0,-0.218556989476
916,15.12,4.07946979668,119.827634323,-4.9204781716,2.66417866817,0.5,7.05870265185,186.856664946,-4.86240345708,1.3575698841,0.0,0.154659474559,0.119777236258,-1.79125495131,0.0,0.00154578133571,-0.00294060799155,0.0,0.0,0.0,-0.230203947149
917,15.13,4.07946979668,119.827634323,-4.9204781716,2.66417866817,0.5,7.02419075955,186.802827096,-4.86307620352,1.35861935485,0.0,0.143842884069,0.147616067723,-1.79539945611,0.0,0.0138072749563,-0.00447914185869,0.0,0.0,0.0,-0.297498410308
918,15.14,4.07946979668,119.827634323,-4.9204781716,2.66417866817,0.5,7.02417408904,186.813414499,-4.86307652848,1.35841297274,0.0,0.15111924037,0.155093312125,-1.79745171268,0.0,0.0204680497633,0.00465872165511,0.0,0.0,0.0,-0.314938218787
919,15.14,4.07946979668,119.827634323,-4.9204781716,2.66417866817,0.5,7.02398059871,186.824287609,-4.86308030022,1.35820102127,0.0,0.158375980663,0.162577084031,-1.79945659581,0.0,0.0210858289564,0.00448297413464,0.0,0.0,0.0,-0.315268405428
920,15.15,4.07946979668,119.827634323,-4.9204781716,2.66417866817,0.5,7.02364001181,186.835486923,-4.86308693934,1.35798271105,0.0,0.165617725007,0.17006600607,-1.80141551216,0.0,0.0217683596763,0.00438318747128,0.0,0.0,0.0,-0.315784513798
921,15.16,4.07946979668,119.827634323,-4.9204781716,2.66417866817,0.5,7.02317442103,186.847046136,-4.86309601518,1.35775738525,0.0,0.172848298334,0.177558923196,-1.80332959133,0.0,0.0225056607908,0.00434212877602,0.0,0.0,0.0,-0.316454122809
922,15.16,4.07946979668,119.827634323,-4.9204781716,2.66417866817,0.5,7.06947134333,186.88173732,-4.86219354107,1.35708114386,0.0,0.184865993338,0.161581322763,-1.80291276827,0.0,0.040127600184,0.083500180277,0.0,0.0,0.0,-0.172901172102
923,15.17,4.07946979668,119.827634323,-4.9204781716,2.66417866817,0.5,7.05966553229,186.850420458,-4.86238468748,1.357691609,0.0,0.176162790481,0.171225620699,-1.8037475906,0.0,-0.0108944262932,-0.00155709886916,0.0,0.0,0.0,0.0190018232364
924,15.18,4.07946979668,119.827634323,-4.9204781716,2.66417866817,0.5,7.05908241088,186.857192102,-4.86239605437,1.35755960816,0.0,0.175753818433,0.167739499905,-1.80391095271,0.0,0.012661029601,0.000462896173582,0.0,0.0,0.0,-0.0102949670379
925,15.19,4.07946979668,119.827634323,-4.9204781716,2.66417866817,0.5,7.04910891527,186.847097769,-4.86259046949,1.35775637877,0.0,0.170180079614,0.169780016347,-1.80456816801,0.0,-0.00708870582522,-0.0180430819427,0.0,0.0,0.0,0.0210938374957
926,15.19,4.07946979668,119.827634323,-4.9204781716,2.66417866817,0.5,7.04432431608,186.85287156,-4.86268373653,1.35764382924,0.0,0.16819370016,0.166780636299,-1.80478390812,0.0,0.0507874332385,-0.0403945052686,0.0,0.0,0.0,-0.268433100318
927,15.2,4.07946979668,119.827634323,-4.9204781716,2.66417866817,0.5,7.06069152558,186.864033985,-4.86236468761,1.3574262381,0.0,0.169379663596,0.16421102993,-1.80607282379,0.0,0.0137449514181,0.036067955035,0.0,0.0,0.0,-0.14844575729
928,15.22,4.07946979668,119.827634323,-4.9204781716,2.66417866817,0.5,7.03246721566,186.878428803,-4.86291486909,1.35714563737,0.0,0.165772218114,0.164616722026,-1.8091565919,0.0,0.0486668582143,-0.0416279495338,0.0,0.0,0.0,-0.255573514163
929,15.23,4.07946979668,119.827634323,-4.9204781716,2.66417866817,0.5,6.99262889289,186.867212918,-4.86369144458,1.3573642706,0.0,0.154483428798,0.172322953918,-1.81315814506,0.0,0.0379387619511,-0.0494952971856,0.0,0.0,0.0,-0.245443075358
930,15.24,4.07946979668,119.827634323,-4.9204781716,2.66417866817,0.5,7.03402355549,186.950291745,-4.86288453108,1.35574480029,0.0,0.1628631802,0.166727404397,-1.81631911071,0.0,0.134455707878,0.117728925715,0.0,0.0,0.0,-0.444320605233
931,15.24,4.07946979668,119.827634323,-4.9204781716,2.66417866817,0.5,7.00472727395,186.956284085,-4.86345560869,1.35562799054,0.0,0.158813552373,0.171922128373,-1.8200129241,0.0,0.0440616161386,-0.0317916714166,0.0,0.0,0.0,-0.291318452945
932,15.26,4.07946979668,119.827634323,-4.9204781716,2.66417866817,0.5,6.98634605217,186.975504343,-4.86381391711,1.35525332665,0.0,0.15901925818,0.172943711245,-1.82287204303,0.0,0.045238380955,-0.0253405181271,0.0,0.0,0.0,-0.289441589626
933,15.29,4.07946979668,119.827634323,-4.9204781716,2.66417866817,0.5,7.00389953238,186.991505307,-4.86347174401,1.35494141702,0.0,0.161881440141,0.166620099001,-1.82350512875,0.0,0.0201025330918,0.0356962903671,0.0,0.0,0.0,-0.115186348053
934,15.29,4.07946979668,119.827634323,-4.9204781716,2.66417866817,0.5,6.9839212044,186.962191797,-4.8638611851,1.35551283047,0.0,0.150269024604,0.174405091967,-1.82505736849,0.0,-0.00347262261823,-0.0182288616286,0.0,0.0,0.0,0.00362745515024
935,15.31,4.07946979668,119.827634323,-4.9204781716,2.66417866817,0.5,7.02957044246,187.044132123,-4.8629713364,1.35391555316,0.0,0.157042086678,0.168281907027,-1.82774651933,0.0,0.131590089228,0.125528770685,0.0,0.0,0.0,-0.384025052301
936,15.31,4.07946979668,119.827634323,-4.9204781716,2.66417866817,0.5,7.07364543533,187.125638333,-4.86211217475,1.35232673815,0.0,0.1637634853,0.162172194022,-1.83050575631,0.0,0.131727424271,0.123609082477,0.0,0.0,0.0,-0.386476173034
937,15.33,4.07946979668,119.827634323,-4.9204781716,2.66417866817,0.5,6.88886806947,186.995444839,-4.86571407272,1.35486462302,0.0,0.125092132394,0.198864557745,-1.83918534345,0.0,0.102670023855,-0.0506182319287,0.0,0.0,0.0,-0.239076995938
938,15.34,4.07946979668,119.827634323,-4.9204781716,2.66417866817,0.5,6.85190462341,187.044139796,-4.86643460773,1.3539154036,0.0,0.121025231987,0.20396685653,-1.84241054488,0.0,0.110724373662,-0.0438284930374,0.0,0.0,0.0,-0.241158852944
939,15.34,4.07946979668,119.827634323,-4.9204781716,2.66417866817,0.5,6.81473313106,187.092414146,-4.86715919823,1.35297438311,0.0,0.116918240726,0.209061468404,-1.84564792191,0.0,0.110188593188,-0.0440816926675,0.0,0.0,0.0,-0.23952382874
940,15.37,4.07946979668,119.827634323,-4.9204781716,2.66417866817,0.5,6.77743083952,187.140340419,-4.86788633841,1.35204014777,0.0,0.112775970454,0.214148828839,-1.84889938967,0.0,0.10975094606,-0.0441535438271,0.0,0.0,0.0,-0.238146585658
941,15.4,4.07946979668,119.827634323,-4.9204781716,2.66417866817,0.5,6.7400599761,187.187977504,-4.86861481528,1.35111154962,0.0,0.108602254153,0.219229244332,-1.85216651866,0.0,0.109392298811,-0.0440784813614,0.0,0.0,0.0,-0.236978834519
942,15.42,4.07946979668,119.827634323,-4.9204781716,2.66417866817,0.5,6.70267070109,187.23537332,-4.86934365105,1.35018765459,0.0,0.104400135534,0.224302922103,-1.85545060524,0.0,0.109097327507,-0.0438842337294,0.0,0.0,0.0,-0.235981566196
943,15.43,4.07946979668,119.827634323,-4.9204781716,2.66417866817,0.5,6.66530348119,187.282566959,-4.8700720569,1.3492677006,0.0,0.100172022063,0.229369992684,-1.85875272786,0.0,0.108853761637,-0.043593100472,0.0,0.0,0.0,-0.235123284817
944,15.45,4.07946979668,119.827634323,-4.9204781716,2.66417866817,0.5,6.62799099633,187.329590425,-4.87079939578,1.34835106384,0.0,0.0959198083589,0.234430527159,-1.86207379193,0.0,0.108651786259,-0.04322302089,0.0,0.0,0.0,-0.234378570465
945,15.46,4.07946979668,119.827634323,-4.9204781716,2.66417866817,0.5,6.59075967132,187.376470018,-4.87152515261,1.34743723163,0.0,0.091644975633,0.239484550364,-1.86541456569,0.0,0.1084835351,-0.0427884059876,0.0,0.0,0.0,-0.233726912865
946,15.47,4.07946979668,119.827634323,-4.9204781716,2.66417866817,0.5,6.55363090596,187.423227457,-4.87224891022,1.34652578057,0.0,0.087348671784,0.244532051023,-1.86877570869,0.0,0.108342707941,-0.0423008705693,0.0,0.0,0.0,-0.233151766632
947,15.49,4.07946979668,119.827634323,-4.9204781716,2.66417866817,0.5,6.51662206277,187.469880784,-4.87297033016,1.34561635899,0.0,0.0830317759007,0.249572989539,-1.87215779451,0.0,0.108224268433,-0.0417697269088,0.0,0.0,0.0,-0.232639786951
948,15.51,4.07946979668,119.827634323,-4.9204781716,2.66417866817,0.5,6.47974726032,187.516445084,-4.87368913723,1.34470867282,0.0,0.0786949501954,0.254607303997,-1.8755613289,0.0,0.10812417025,-0.0412024586045,0.0,0.0,0.0,-0.232180211782
949,15.53,4.07946979668,119.827634323,-4.9204781716,2.66417866817,0.5,6.57398350944,187.667308005,-4.87185217331,1.34176787514,0.0,0.0986082504795,0.247424386783,-1.87376272473,0.0,0.22653005334,0.263130117877,0.0,0.0,0.0,-0.314897838183
950,15.54,4.07946979668,119.827634323,-4.9204781716,2.66417866817,0.5,6.66543112317,187.814504014,-4.87006956875,1.33889855723,0.0,0.1182899424,0.240388259126,-1.87211231295,0.0,0.221600107257,0.255125988588,0.0,0.0,0.0,-0.310279801493
951,15.55,4.07946979668,119.827634323,-4.9204781716,2.66417866817,0.5,6.75670446066,187.961922335,-4.86829036139,1.33602490575,0.0,0.137940479146,0.233351365902,-1.87061209284,0.0,0.222471639001,0.254524070563,0.0,0.0,0.0,-0.31111656968
952,15.56,4.07946979668,119.827634323,-4.9204781716,2.66417866817,0.5,6.84772881646,188.109505868,-4.86651600748,1.33314803376,0.0,0.15756107904,0.22631679457,-1.86926024274,0.0,0.223240394866,0.253781397481,0.0,0.0,0.0,-0.311820203264
953,15.58,4.07946979668,119.827634323,-4.9204781716,2.66417866817,0.5,6.93843359377,188.257200832,-4.86474788316,1.33026898964,0.0,0.177153262977,0.219287485902,-1.86805500675,0.0,0.223910288439,0.252907843941,0.0,0.0,0.0,-0.31240798863
954,15.6,4.07946979668,119.827634323,-4.9204781716,2.66417866817,0.5,7.02529735065,188.333927939,-4.86305463254,1.32877333453,0.0,0.196802350136,0.193934947059,-1.86959557738,0.0,0.0746470730786,0.181739537779,0.0,0.0,0.0,-0.5712727998
955,15.62,4.07946979668,119.827634323,-4.9204781716,2.66417866817,0.5,7.10298608012,188.398071765,-4.86154023236,1.32752296754,0.0,0.215185726358,0.176011191609,-1.87191740532,0.0,0.0753451295636,0.180714526169,0.0,0.0,0.0,-0.570314289001
956,15.63,4.07946979668,119.827634323,-4.9204781716,2.66417866817,0.5,7.06488560704,188.343004821,-4.86228293164,1.32859639726,0.0,0.191502095325,0.192862317942,-1.87603964552,0.0,0.00834124339898,-0.0186912770427,0.0,0.0,0.0,0.00120699883624
957,15.65,4.07946979668,119.827634323,-4.9204781716,2.66417866817,0.5,7.05397913573,188.343401594,-4.86249553342,1.32858866288,0.0,0.187081216923,0.190769209074,-1.87680841334,0.0,0.00716729315161,-0.0200842612312,0.0,0.0,0.0,0.00740375991657
958,15.68,4.07946979668,119.827634323,-4.9204781716,2.66417866817,0.5,7.04510177051,188.3604212,-4.86266858147,1.32825689668,0.0,0.183582702859,0.181542691195,-1.87755268368,0.0,0.0311649986304,-0.0122781422631,0.0,0.0,0.0,-0.0130300992902
959,15.69,4.07946979668,119.827634323,-4.9204781716,2.66417866817,0.5,7.03428691521,188.373891681,-4.86287939736,1.3279943142,0.0,0.179795773081,0.174104332148,-1.87835294822,0.0,0.0315327209314,-0.0122158670242,0.0,0.0,0.0,-0.0130397352671
960,15.7,4.07946979668,119.827634323,-4.9204781716,2.66417866817,0.5,6.99218651371,188.146673825,-4.86370006796,1.33242351219,0.0,0.133349354622,0.203254094759,-1.890477394,0.0,0.0260677698661,-0.0521241914422,0.0,0.0,0.0,0.0137393339343
961,15.71,4.07946979668,119.827634323,-4.9204781716,2.66417866817,0.5,6.98093668759,188.110507231,-4.86391936282,1.33312851402,0.0,0.116498667012,0.208369734643,-1.89857625316,0.0,-0.000889696941501,-0.0141820019647,0.0,0.0,0.0,-0.351720822986
962,15.71,4.07946979668,119.827634323,-4.9204781716,2.66417866817,0.5,6.97394364665,188.11198973,-4.8640556794,1.3330996154,0.0,0.104400031713,0.208063603563,-1.90458459134,0.0,0.00686801574337,-0.0120968698843,0.0,0.0,0.0,-0.350733811089
963,15.73,4.07946979668,119.827634323,-4.9204781716,2.66417866817,0.5,6.96688054625,188.112705002,-4.86419336167,1.33308567247,0.0,0.0922917385084,0.207722573802,-1.91057342405,0.0,0.00557554941369,-0.0126664878749,0.0,0.0,0.0,-0.34896696251
964,15.75,4.07946979668,119.827634323,-4.9204781716,2.66417866817,0.5,6.95977487374,188.112677037,-4.86433187381,1.33308621761,0.0,0.0801748143356,0.207347579364,-1.9165434867,0.0,0.00431583491992,-0.013185709733,0.0,0.0,0.0,-0.347336281715
965,15.78,4.07946979668,119.827634323,-4.9204781716,2.66417866817,0.5,6.9526524454,188.111926451,-4.86447071257,1.3331008489,0.0,0.0680501792511,0.206939400403,-1.92249536111,0.0,0.00308277698665,-0.0136592735551,0.0,0.0,0.0,-0.345823186779
966,15.79,4.07946979668,119.827634323,-4.9204781716,2.66417866817,0.5,6.94553768214,188.110471167,-4.86460940191,1.33312921702,0.0,0.0559186595822,0.206498696961,-1.92842951021,0.0,0.0018714401001,-0.0140910913243,0.0,0.0,0.0,-0.344412984576
967,15.82,4.07946979668,119.827634323,-4.9204781716,2.66417866817,0.5,6.93845384019,188.108326949,-4.8647474885,1.33317101465,0.0,0.0437809998788,0.206026035077,-1.93434630507,0.0,0.000677821533559,-0.0144843869055,0.0,0.0,0.0,-0.343094064375
968,15.85,4.07946979668,119.827634323,-4.9204781716,2.66417866817,0.5,6.93142320354,188.105507847,-4.86488453794,1.33322596789,0.0,0.0316378736339,0.205521907008,-1.94024604623,0.0,-0.000501336852043,-0.0148418144255,0.0,0.0,0.0,-0.341857257302
969,15.88,4.07946979668,119.827634323,-4.9204781716,2.66417866817,0.5,6.92446724428,188.102026551,-4.86502013169,1.33329382942,0.0,0.0194898928048,0.204986746848,-1.94612898022,0.0,-0.00166869822304,-0.015165550089,0.0,0.0,0.0,-0.340695327763
970,15.92,4.07946979668,119.827634323,-4.9204781716,2.66417866817,0.5,6.91760675575,188.097894673,-4.86515386441,1.33337437285,0.0,0.0073376161963,0.204420942609,-1.95199531263,0.0,-0.00282644313513,-0.0154573793158,0.0,0.0,0.0,-0.339602569802
971,15.93,4.07946979668,119.827634323,-4.9204781716,2.66417866817,0.5,7.00579285711,188.216328804,-4.86343483709,1.33106571532,0.0,0.0152601935452,0.191468985021,-1.95518637414,0.0,0.150296968682,0.245780956681,0.0,0.0,0.0,-0.474975514228
972,15.96,4.07946979668,119.827634323,-4.9204781716,2.66417866817,0.5,7.09104625446,188.33228437,-4.8617729775,1.32880537291,0.0,0.0230061436003,0.178622809751,-1.95850781346,0.0,0.147026805216,0.238927025031,0.0,0.0,0.0,-0.47466746325
973,15.97,4.07946979668,119.827634323,-4.9204781716,2.66417866817,0.5,7.17556221941,188.448704872,-4.8601254928,1.32653596742,0.0,0.0307541903697,0.165784622737,-1.96192357795,0.0,0.147567776429,0.238425780981,0.0,0.0,0.0,-0.47434651025
974,15.99,4.07946979668,119.827634323,-4.9204781716,2.66417866817,0.5,7.25932142828,188.565544635,-4.85849275968,1.32425838917,0.0,0.0385059385517,0.152955756761,-1.96543359404,0.0,0.148023474268,0.237876162934,0.0,0.0,0.0,-0.474023087876
975,16.0,4.07946979668,119.827634323,-4.9204781716,2.66417866817,0.5,7.34230768943,188.682760851,-4.85687509377,1.32197347269,0.0,0.0462631698318,0.140137421185,-1.96903791811,0.0,0.148397544587,0.237285451882,0.0,0.0,0.0,-0.473709295061
976,16.03,4.07946979668,119.827634323,-4.9204781716,2.66417866817,0.5,7.4318716437,188.812390468,-4.85512920773,1.31944657957,0.0,0.0596251805742,0.123508161798,-1.97254468838,0.0,0.165208427072,0.258993150585,0.0,0.0,0.0,-0.526339792946
977,16.03,4.07946979668,119.827634323,-4.9204781716,2.66417866817,0.5,7.3335905821,188.735209236,-4.85704501789,1.32095108702,0.0,0.0404859279537,0.127168564262,-1.97426556705,0.0,-0.0632890093582,-0.235683924909,0.0,0.0,0.0,0.0673518400928
978,16.05,4.07946979668,119.827634323,-4.9204781716,2.66417866817,0.5,7.32547156158,188.837668885,-4.8572032834,1.31895382291,0.0,0.042824617453,0.115431578317,-1.97368994845,0.0,0.190133686805,0.063931869147,0.0,0.0,0.0,0.029315742791
979,16.07,4.07946979668,119.827634323,-4.9204781716,2.66417866817,0.5,7.29989622925,188.921991012,-4.85770182789,1.31731011673,0.0,0.0424659840198,0.105274903824,-1.97296928363,0.0,0.170856365934,0.0185000056911,0.0,0.0,0.0,0.0760291691988
980,16.08,4.07946979668,119.827634323,-4.9204781716,2.66417866817,0.5,7.26829962333,188.99824138,-4.85831774613,1.31582375477,0.0,0.0405431763375,0.096232625306,-1.97225118701,0.0,0.160966381766,0.00142100593834,0.0,0.0,0.0,0.0911597776659
981,16.1,4.07946979668,119.827634323,-4.9204781716,2.66417866817,0.5,7.23054587714,189.063707897,-4.85905368661,1.31454760435,0.0,0.0365504262956,0.0887963483412,-1.97163060036,0.0,0.146285057716,-0.0179607087981,0.0,0.0,0.0,0.0989580003866
982,16.1,4.07946979668,119.827634323,-4.9204781716,2.66417866817,0.5,7.193423204,189.130043858,-4.85977732546,1.31325450569,0.0,0.0326087329146,0.0813390072939,-1.97098386415,0.0,0.147370048267,-0.0162311121859,0.0,0.0,0.0,0.0981645485272
983,16.11,4.07946979668,119.827634323,-4.9204781716,2.66417866817,0.5,7.13107451163,189.154864283,-4.86099269958,1.31277067674,0.0,0.0218502859842,0.0789954675163,-1.97058981165,0.0,0.0919438165925,-0.0932244357364,0.0,0.0,0.0,0.125595059766
984,16.12,4.07946979668,119.827634323,-4.9204781716,2.66417866817,0.5,7.08106257121,189.186179462,-4.8619675912,1.3121602444,0.0,0.0112179208079,0.0771913078827,-1.97067859532,0.0,0.0942544741004,-0.0660161425478,0.0,0.0,0.0,0.0739945655722
985,16.14,4.07946979668,119.827634323,-4.9204781716,2.66417866817,0.5,7.06006186249,189.278129874,-4.86237696174,1.31036783871,0.0,0.00835816903851,0.0695858211269,-1.97041267387,0.0,0.181123824747,0.0320937741689,0.0,0.0,0.0,0.047592707345
986,16.15,4.07946979668,119.827634323,-4.9204781716,2.66417866817,0.5,7.02277201614,189.355963884,-4.86310385933,1.30885060656,0.0,0.0035940725499,0.0628824690985,-1.970488381,0.0,0.168084100407,-0.00793256347494,0.0,0.0,0.0,0.0239713685032
987,16.16,4.07946979668,119.827634323,-4.9204781716,2.66417866817,0.5,6.98207188251,189.431771716,-4.86389723426,1.30737287103,0.0,-0.00161154181859,0.0564009222761,-1.97066851497,0.0,0.167028522346,-0.0155631492583,0.0,0.0,0.0,0.0130247413409
988,16.17,4.07946979668,119.827634323,-4.9204781716,2.66417866817,0.5,6.9418425208,189.508377085,-4.86468143234,1.30587958898,0.0,-0.00673003377462,0.0499083518532,-1.97082051665,0.0,0.168102737149,-0.0140809867742,0.0,0.0,0.0,0.0120070293387
989,16.2,4.07946979668,119.827634323,-4.9204781716,2.66417866817,0.5,6.90187353231,189.585145909,-4.86546055493,1.30438312069,0.0,-0.0118050288305,0.0434304606684,-1.97092938352,0.0,0.168196640246,-0.0134674284235,0.0,0.0,0.0,0.012803482769
990,16.22,4.07946979668,119.827634323,-4.9204781716,2.66417866817,0.5,6.86199287694,189.661881251,-4.86623795562,1.30288730505,0.0,-0.0168707088262,0.0369673630407,-1.97099933229,0.0,0.168066945871,-0.0133192045536,0.0,0.0,0.0,0.0133772439955
991,16.24,4.07946979668,119.827634323,-4.9204781716,2.66417866817,0.5,6.82215593638,189.73860215,-4.86701450416,1.30139177095,0.0,-0.0219386320098,0.0305032888599,-1.97103238297,0.0,0.168004905948,-0.0132428707009,0.0,0.0,0.0,0.0138025211206
992,16.27,4.07946979668,119.827634323,-4.9204781716,2.66417866817,0.5,6.78232595184,189.815333108,-4.86779091712,1.29989604078,0.0,-0.0270197120554,0.0240225644101,-1.97102791204,0.0,0.168014321089,-0.0132201259361,0.0,0.0,0.0,0.0143119351833
993,16.28,4.07946979668,119.827634323,-4.9204781716,2.66417866817,0.5,6.77922127071,189.878551973,-4.86785143722,1.29866370423,0.0,-0.0263631925936,0.0231599171168,-1.97002680171,0.0,0.115839233017,0.0423641287599,0.0,0.0,0.0,0.0986843734005
994,16.31,4.07946979668,119.827634323,-4.9204781716,2.66417866817,0.5,6.76724187174,189.940641165,-4.86808495377,1.29745338859,0.0,-0.0256775322969,0.024364628564,-1.96929492361,0.0,0.120576854384,0.0254320296113,0.0,0.0,0.0,0.071581732441
995,16.33,4.07946979668,119.827634323,-4.9204781716,2.66417866817,0.5,6.74858532124,189.999958877,-4.86844862922,1.29629709791,0.0,-0.0252934939778,0.0275990000317,-1.96894385729,0.0,0.120659970681,0.0112900188626,0.0,0.0,0.0,0.0341211645852
996,16.36,4.07946979668,119.827634323,-4.9204781716,2.66417866817,0.5,6.72653998705,190.075081175,-4.86887836283,1.29483272564,0.0,-0.0235059857535,0.0288493766526,-1.96877012968,0.0,0.151651647145,0.017165846559,0.0,0.0,0.0,0.0124060626308
997,16.37,4.07946979668,119.827634323,-4.9204781716,2.66417866817,0.5,6.69943401853,190.145809211,-4.86940674428,1.29345401148,0.0,-0.0223207472133,0.0303042074214,-1.96864410015,0.0,0.147570917103,0.00470588398144,0.0,0.0,0.0,0.00912907010729
998,16.39,4.07946979668,119.827634323,-4.9204781716,2.66417866817,0.5,6.67180085196,190.216398844,-4.8699454025,1.29207799525,0.0,-0.0211633352329,0.0316841577573,-1.96852921094,0.0,0.14772193712,0.00364029389201,0.0,0.0,0.0,0.00793614468167
999,16.41,4.07946979668,119.827634323,-4.9204781716,2.66417866817,0.5,6.63392955475,190.270999803,-4.87068363441,1.29101364906,0.0,-0.0224950158262,0.0348194189316,-1.968499439,0.0,0.126705866539,-0.026868550282,0.0,0.0,0.0,0.00741071660471
1000,16.44,4.07946979668,119.827634323,-4.9204781716,2.66417866817,0.5,6.61631635886,190.355200347,-4.87102697156,1.28937231292,0.0,-0.0191810278881,0.0346933541667,-1.96833680011,0.0,0.164645890005,0.0319246991309,0.0,0.0,0.0,0.00477310124539
1001,16.45,4.07946979668,119.827634323,-4.9204781716,2.66417866817,0.5,6.58730372014,190.423853078,-4.87159252008,1.28803405306,0.0,-0.0179381984744,0.0358777922825,-1.96845620326,0.0,0.145284444834,-0.000322001900636,0.0,0.0,0.0,-0.0163028264276
1002,16.46,4.07946979668,119.827634323,-4.9204781716,2.66417866817,0.5,6.5525596061,190.483682061,-4.87226979325,1.28686779608,0.0,-0.0187445014262,0.0384983441603,-1.9686626754,0.0,0.133738463807,-0.0172629131384,0.0,0.0,0.0,-0.0176736843781
1003,16.47,4.07946979668,119.827634323,-4.9204781716,2.66417866817,0.5,6.51177257003,190.526947025,-4.87306486218,1.28602442446,0.0,-0.022496641979,0.0433835174547,-1.96926928213,0.0,0.108636384104,-0.0401850434126,0.0,0.0,0.0,-0.0458462960195
1004,16.5,4.07946979668,119.827634323,-4.9204781716,2.66417866817,0.5,6.47092631587,190.571348408,-4.87386108546,1.28515890043,0.0,-0.0262413566572,0.0481950922405,-1.9698479772,0.0,0.110688668535,-0.0397094329674,0.0,0.0,0.0,-0.040728641267
1005,16.52,4.07946979668,119.827634323,-4.9204781716,2.66417866817,0.5,6.45191506151,190.644390384,-4.87423167521,1.28373508024,0.0,-0.0229267789454,0.0501429859095,-1.97089699932,0.0,0.145622378455,0.0215491903934,0.0,0.0,0.0,-0.122430149845
1006,16.56,4.07946979668,119.827634323,-4.9204781716,2.66417866817,0.5,6.47918250159,190.78581957,-4.87370014617,1.28097817602,0.0,-0.00921302135093,0.0451078369851,-1.97153957786,0.0,0.23337426855,0.156606788277,0.0,0.0,0.0,-0.129575740423
1007,16.57,4.07946979668,119.827634323,-4.9204781716,2.66417866817,0.5,6.50524520063,190.925446139,-4.87319210135,1.27825641054,0.0,0.0044165782764,0.0401379383891,-1.97225659218,0.0,0.230850159219,0.153094322136,0.0,0.0,0.0,-0.129778227967
1008,16.59,4.07946979668,119.827634323,-4.9204781716,2.66417866817,0.5,6.53122656787,191.065264431,-4.87268564195,1.27553090778,0.0,0.018047136986,0.0351726667409,-1.97304966994,0.0,0.231126424993,0.153251938408,0.0,0.0,0.0,-0.130622899145
1009,16.61,4.07946979668,119.827634323,-4.9204781716,2.66417866817,0.5,6.42296340276,190.963416259,-4.87479603503,1.27751625226,0.0,0.00019618514866,0.0530272778398,-1.97583051966,0.0,-0.0998021845057,-0.272097618896,0.0,0.0,0.0,-0.199531441951
1010,16.63,4.07946979668,119.827634323,-4.9204781716,2.66417866817,0.5,6.31850283305,190.866457025,-4.87683230345,1.27940629581,0.0,-0.0174505703949,0.0707204439435,-1.9788800643,0.0,-0.0927816591552,-0.261415188708,0.0,0.0,0.0,-0.19582980114
1011,16.64,4.07946979668,119.827634323,-4.9204781716,2.66417866817,0.5,6.30661155275,190.911828685,-4.87706410229,1.27852185799,0.0,-0.0196594603764,0.0780825167049,-1.98122522354,0.0,0.0904217313031,0.0143247525844,0.0,0.0,0.0,-0.218076639517
1012,16.65,4.07946979668,119.827634323,-4.9204781716,2.66417866817,0.5,6.30479199427,190.972276637,-4.87709957126,1.27734353534,0.0,-0.0198035973638,0.0840291777571,-1.98344438782,0.0,0.109397391319,0.0441404802008,0.0,0.0,0.0,-0.220747515247
1013,16.67,4.07946979668,119.827634323,-4.9204781716,2.66417866817,0.5,6.30905254132,191.040948089,-4.87701651966,1.27600491055,0.0,-0.0183276722288,0.0888581973635,-1.9855219757,0.0,0.119227175462,0.0616559102423,0.0,0.0,0.0,-0.220482149094
1014,16.68,4.07946979668,119.827634323,-4.9204781716,2.66417866817,0.5,6.32002518492,191.118342506,-4.87680262797,1.27449624744,0.0,-0.0146681571226,0.0921783514471,-1.98740743757,0.0,0.129401881605,0.0807032972348,0.0,0.0,0.0,-0.221602232242
1015,16.69,4.07946979668,119.827634323,-4.9204781716,2.66417866817,0.5,6.33493681458,191.20077365,-4.87651195293,1.27288940254,0.0,-0.00892000307671,0.0940096164264,-1.98914554198,0.0,0.135153430497,0.0919111856942,0.0,0.0,0.0,-0.227219133202
1016,16.71,4.07946979668,119.827634323,-4.9204781716,2.66417866817,0.5,6.35156798127,191.285470369,-4.87618775865,1.27123839436,0.0,-0.00119213666158,0.0943874988169,-1.99078720807,0.0,0.137713478147,0.096972765455,0.0,0.0,0.0,-0.236827943596
1017,16.73,4.07946979668,119.827634323,-4.9204781716,2.66417866817,0.5,6.36719130259,191.369245475,-4.87588321048,1.26960535137,0.0,0.00646850231916,0.0947960613526,-1.99245388588,0.0,0.136700857601,0.0946280603193,0.0,0.0,0.0,-0.239023580173
1018,16.75,4.07946979668,119.827634323,-4.9204781716,2.66417866817,0.5,6.41081054903,191.482524299,-4.87503293277,1.26739718714,0.0,0.0210656934476,0.0909391439179,-1.99322764917,0.0,0.166863059266,0.168132866604,0.0,0.0,0.0,-0.212680217175
1019,16.76,4.07946979668,119.827634323,-4.9204781716,2.66417866817,0.5,6.44633310171,191.591559854,-4.87434048535,1.26527173775,0.0,0.0358764328582,0.0865232429696,-1.99440405161,0.0,0.165621165799,0.150371540329,0.0,0.0,0.0,-0.24893357547
1020,16.77,4.07946979668,119.827634323,-4.9204781716,2.66417866817,0.5,6.47686721357,191.694119332,-4.87374527849,1.26327252764,0.0,0.0519969496968,0.0810574425091,-1.99572125916,0.0,0.157943830776,0.136507017742,0.0,0.0,0.0,-0.266516654541
1021,16.78,4.07946979668,119.827634323,-4.9204781716,2.66417866817,0.5,6.50612324064,191.79516504,-4.87317498556,1.26130282573,0.0,0.0699429160131,0.0742678114751,-1.99714138376,0.0,0.156182193288,0.13316248078,0.0,0.0,0.0,-0.281226837231
1022,16.79,4.07946979668,119.827634323,-4.9204781716,2.66417866817,0.5,6.53528318598,191.895711147,-4.87260656558,1.25934286263,0.0,0.0898362543647,0.0661246336118,-1.99866853935,0.0,0.155196845284,0.132693777432,0.0,0.0,0.0,-0.292226922391
1023,16.81,4.07946979668,119.827634323,-4.9204781716,2.66417866817,0.5,6.45850076046,191.608912102,-4.87410329902,1.2649334873,0.0,0.0460586316043,0.114869529793,-2.01125351103,0.0,-0.102286638179,-0.162616770752,0.0,0.0,0.0,-0.351251852725
1024,16.83,4.07946979668,119.827634323,-4.9204781716,2.66417866817,0.5,6.45702102956,191.621344896,-4.87413214367,1.26469113264,0.0,0.042986029326,0.126332032817,-2.01576949123,0.0,0.0224822086901,0.00882165638649,0.0,0.0,0.0,-0.411631489941
1025,16.84,4.07946979668,119.827634323,-4.9204781716,2.66417866817,0.5,6.45686015124,191.633254255,-4.8741352797,1.26445898138,0.0,0.0398873487063,0.137849054396,-2.02022822924,0.0,0.0210962585547,0.0102411309919,0.0,0.0,0.0,-0.405061926876
1026,16.86,4.07946979668,119.827634323,-4.9204781716,2.66417866817,0.5,6.45696980811,191.645002087,-4.87413314214,1.26422997881,0.0,0.0367319630218,0.149359843571,-2.0247169572,0.0,0.0205519351083,0.0106741624984,0.0,0.0,0.0,-0.40371539956
1027,16.88,4.07946979668,119.827634323,-4.9204781716,2.66417866817,0.5,6.48619960431,191.703234376,-4.87356336054,1.26309484647,0.0,0.0390474607894,0.157313475441,-2.02862756268,0.0,0.0768540734208,0.101598077829,0.0,0.0,0.0,-0.426399322461
1028,16.91,4.07946979668,119.827634323,-4.9204781716,2.66417866817,0.5,6.51964941285,191.770283004,-4.87291131749,1.26178785568,0.0,0.0429000317322,0.164138697569,-2.03244665823,0.0,0.0882296705477,0.116833012292,0.0,0.0,0.0,-0.443554032896
1029,16.94,4.07946979668,119.827634323,-4.9204781716,2.66417866817,0.5,6.55760823632,191.844001777,-4.87217137941,1.26035084256,0.0,0.0486712652949,0.16968821398,-2.03604731431,0.0,0.0955528263705,0.130784380447,0.0,0.0,0.0,-0.455935118532
1030,16.95,4.07946979668,119.827634323,-4.9204781716,2.66417866817,0.5,6.5994508769,191.922254485,-4.87135573339,1.25882544864,0.0,0.0565862277582,0.173858654428,-2.03937221725,0.0,0.0996635751915,0.14178346693,0.0,0.0,0.0,-0.467765307327
1031,16.98,4.07946979668,119.827634323,-4.9204781716,2.66417866817,0.5,6.64328846611,192.002184378,-4.87050119949,1.25726736106,0.0,0.0665887358842,0.176676721089,-2.04244544044,0.0,0.100457375309,0.146968403616,0.0,0.0,0.0,-0.481722709728
1032,16.99,4.07946979668,119.827634323,-4.9204781716,2.66417866817,0.5,6.68779306445,192.081944596,-4.86963366346,1.25571258097,0.0,0.0786227878037,0.178171343481,-2.04529669499,0.0,0.0992393016051,0.148181286265,0.0,0.0,0.0,-0.497506233978
1033,17.0,4.07946979668,119.827634323,-4.9204781716,2.66417866817,0.5,6.73238543767,192.160692782,-4.86876441642,1.25417752862,0.0,0.0926733954517,0.17836044587,-2.04794508726,0.0,0.0971096756203,0.147597569664,0.0,0.0,0.0,-0.51397738711
1034,17.03,4.07946979668,119.827634323,-4.9204781716,2.66417866817,0.5,6.69237167602,192.150951247,-4.86954441177,1.25436742209,0.0,0.0918125121905,0.187027365523,-2.04948699956,0.0,0.0190465579093,-0.0779672312409,0.0,0.0,0.0,-0.138597831862
1035,17.04,4.07946979668,119.827634323,-4.9204781716,2.66417866817,0.5,6.64206073236,192.146518257,-4.87052513192,1.25445383515,0.0,0.0874557319424,0.197612871776,-2.05072252454,0.0,0.0376977081462,-0.0909275000212,0.0,0.0,0.0,-0.0402944196395
1036,17.04,4.07946979668,119.827634323,-4.9204781716,2.66417866817,0.5,6.59260315308,192.145140433,-4.87148921729,1.25448069331,0.0,0.0831965823155,0.208088721797,-2.05195161261,0.0,0.0423851703942,-0.0866079942812,0.0,0.0,0.0,-0.0371016162849
1037,17.06,4.07946979668,119.827634323,-4.9204781716,2.66417866817,0.5,6.60001816781,192.206287801,-4.87134467509,1.25328873683,0.0,0.0909622210093,0.215470703564,-2.05109005836,0.0,0.0991447723724,0.0678975234828,0.0,0.0,0.0,-0.0770910698764
1038,17.07,4.07946979668,119.827634323,-4.9204781716,2.66417866817,0.5,6.58425830452,192.264134608,-4.8716518849,1.25216111874,0.0,0.0968765514772,0.223185240103,-2.05056991078,0.0,0.114375839115,0.0247299066972,0.0,0.0,0.0,-0.0766776819483
1039,17.08,4.07946979668,119.827634323,-4.9204781716,2.66417866817,0.5,6.55859920822,192.323684523,-4.87215206222,1.25100030169,0.0,0.102208117904,0.230888408761,-2.05012431479,0.0,0.126241204654,0.00910500202221,0.0,0.0,0.0,-0.0754618324174
1040,17.11,4.07946979668,119.827634323,-4.9204781716,2.66417866817,0.5,6.53275354834,192.383200071,-4.87265587625,1.24984015456,0.0,0.1079258261,0.23896737081,-2.04954657623,0.0,0.12637099946,0.00867052722204,0.0,0.0,0.0,-0.0753341600742
1041,17.12,4.07946979668,119.827634323,-4.9204781716,2.66417866817,0.5,6.60115405096,192.552422123,-4.87132253312,1.24654147909,0.0,0.134878819608,0.237807377322,-2.04304785786,0.0,0.228879411928,0.257016889001,0.0,0.0,0.0,0.0084913161775
1042,17.13,4.07946979668,119.827634323,-4.9204781716,2.66417866817,0.5,6.66099313792,192.712018664,-4.87015607918,1.24343043541,0.0,0.160597633619,0.23703453081,-2.03681068985,0.0,0.225452202166,0.243227845744,0.0,0.0,0.0,0.0187872032106
1043,17.14,4.07946979668,119.827634323,-4.9204781716,2.66417866817,0.5,6.72074592179,192.870609705,-4.86899130757,1.2403389921,0.0,0.186321478637,0.236207122069,-2.03060328889,0.0,0.225276433151,0.240665019111,0.0,0.0,0.0,0.0176929278506
1044,17.18,4.07946979668,119.827634323,-4.9204781716,2.66417866817,0.5,6.71725763572,192.879179351,-4.86905930535,1.24017194247,0.0,0.196297477211,0.249033535722,-2.0254642951,0.0,0.0181836593925,0.00038324258604,0.0,0.0,0.0,0.274296028674
1045,17.21,4.07946979668,119.827634323,-4.9204781716,2.66417866817,0.5,6.71356011608,192.889074135,-4.86913138175,1.2399790617,0.0,0.206420059384,0.26177833807,-2.02017677496,0.0,0.0208684392765,0.00114269523539,0.0,0.0,0.0,0.273009854624
1046,17.23,4.07946979668,119.827634323,-4.9204781716,2.66417866817,0.5,6.70908165034,192.898820129,-4.86921868128,1.23978908131,0.0,0.216631890805,0.274487441002,-2.01474879973,0.0,0.0212973618565,-0.000489044425119,0.0,0.0,0.0,0.272246454666
1047,17.26,4.07946979668,119.827634323,-4.9204781716,2.66417866817,0.5,6.70377766285,192.908438115,-4.86932207285,1.23960159619,0.0,0.226936185829,0.287158952672,-2.00917747875,0.0,0.0217823393427,-0.00218970524879,0.0,0.0,0.0,0.271544071863
1048,17.3,4.07946979668,119.827634323,-4.9204781716,2.66417866817,0.5,6.69760695882,192.917948516,-4.86944235948,1.23941620826,0.0,0.237336356664,0.29979098891,-2.00345983747,0.0,0.0223181561475,-0.00395494605147,0.0,0.0,0.0,0.270899289537
1049,17.31,4.07946979668,119.827634323,-4.9204781716,2.66417866817,0.5,6.69053111377,192.927371498,-4.86958029018,1.2392325244,0.0,0.247835995114,0.312381655945,-1.99759281187,0.0,0.0229003135899,-0.00578139961847,0.0,0.0,0.0,0.270309064672
1050,17.33,4.07946979668,119.827634323,-4.9204781716,2.66417866817,0.5,6.68251398487,192.936727052,-4.8697365695,1.23905015493,0.0,0.258438857824,0.324929036609,-1.99157324349,0.0,0.0235248644026,-0.00766646722271,0.0,0.0,0.0,0.269770695335
1051,17.37,4.07946979668,119.827634323,-4.9204781716,2.66417866817,0.5,6.66091238174,192.945178364,-4.87015765338,1.238885412,0.0,0.26671121231,0.322250092447,-1.98622428551,0.0,-0.0106206919506,-0.0533657069412,0.0,0.0,0.0,0.294686874117
1052,17.38,4.07946979668,119.827634323,-4.9204781716,2.66417866817,0.5,6.64247055135,192.93516845,-4.87051714325,1.23908053704,0.0,0.27319927114,0.325081292437,-1.98173026658,0.0,-0.00353802332223,-0.0408989907617,0.0,0.0,0.0,0.242844496386
1053,17.41,4.07946979668,119.827634323,-4.9204781716,2.66417866817,0.5,6.62476777378,192.925125504,-4.87086222663,1.23927630596,0.0,0.279764054778,0.327917308429,-1.97724017734,0.0,-0.00437896014865,-0.0396449485504,0.0,0.0,0.0,0.238456340043
1054,17.43,4.07946979668,119.827634323,-4.9204781716,2.66417866817,0.5,6.59551323069,192.915135917,-4.87143249063,1.23947103476,0.0,0.282460863792,0.328861179817,-1.97309767001,0.0,-0.0105441125572,-0.0677389421695,0.0,0.0,0.0,0.336077441641
1055,17.45,4.07946979668,119.827634323,-4.9204781716,2.66417866817,0.5,6.56804908935,192.899170682,-4.87196785401,1.23978224792,0.0,0.285133006714,0.3298600906,-1.96915947872,0.0,-0.0079446011948,-0.0614869061886,0.0,0.0,0.0,0.307392036189
1056,17.47,4.07946979668,119.827634323,-4.9204781716,2.66417866817,0.5,6.54476106238,192.896330084,-4.87242181165,1.23983762019,0.0,0.286512077618,0.332330401919,-1.96540954215,0.0,0.0123184443771,-0.0441781711733,0.0,0.0,0.0,0.330226380968
1057,17.48,4.07946979668,119.827634323,-4.9204781716,2.66417866817,0.5,6.52131184615,192.889721749,-4.87287891138,1.23996643765,0.0,0.28839802952,0.329662271649,-1.96228160042,0.0,-0.00329673701889,-0.0517204085969,0.0,0.0,0.0,0.257769989574
1058,17.51,4.07946979668,119.827634323,-4.9204781716,2.66417866817,0.5,6.49341219522,192.875558661,-4.87342276423,1.24024252122,0.0,0.286705508632,0.331713285132,-1.95944663905,0.0,-0.00494540916956,-0.0609418322928,0.0,0.0,0.0,0.338550685226
1059,17.53,4.07946979668,119.827634323,-4.9204781716,2.66417866817,0.5,6.46624906228,192.867610235,-4.87395225999,1.24039746131,0.0,0.285795601511,0.328440802263,-1.95699439653,0.0,-0.00297174413264,-0.0593046732779,0.0,0.0,0.0,0.28090138397
1060,17.55,4.07946979668,119.827634323,-4.9204781716,2.66417866817,0.5,6.43890098916,192.859281829,-4.87448536084,1.2405598084,0.0,0.282077316942,0.329200416142,-1.95484754497,0.0,0.00496686408612,-0.0556436890173,0.0,0.0,0.0,0.334847055417
1061,17.58,4.07946979668,119.827634323,-4.9204781716,2.66417866817,0.5,6.41133076518,192.851972347,-4.8750227921,1.24070229343,0.0,0.278928722827,0.324943958996,-1.95322628777,0.0,-0.00106741550113,-0.0592428735753,0.0,0.0,0.0,0.268871703634
1062,17.58,4.07946979668,119.827634323,-4.9204781716,2.66417866817,0.5,6.38232542927,192.843858145,-4.87558819826,1.24086046501,0.0,0.272772127903,0.324747207051,-1.951876546,0.0,0.00645790904695,-0.0585377711181,0.0,0.0,0.0,0.331559984145
1063,17.6,4.07946979668,119.827634323,-4.9204781716,2.66417866817,0.5,6.3532365584,192.832645193,-4.87615523278,1.24107904107,0.0,0.267091970821,0.319654494339,-1.95108935045,0.0,-0.000576840654745,-0.062689593231,0.0,0.0,0.0,0.266457758542
1064,17.62,4.07946979668,119.827634323,-4.9204781716,2.66417866817,0.5,6.32291614816,192.82745279,-4.87674627391,1.24118025751,0.0,0.258719390171,0.318155319257,-1.95045133769,0.0,0.0127087907181,-0.0588690923525,0.0,0.0,0.0,0.326399557385
1065,17.64,4.07946979668,119.827634323,-4.9204781716,2.66417866817,0.5,6.29192105695,192.817210712,-4.87735046673,1.24137990815,0.0,0.250714657991,0.311858112837,-1.95040843493,0.0,0.00245426716053,-0.0654573740285,0.0,0.0,0.0,0.259740908659
1066,17.64,4.07946979668,119.827634323,-4.9204781716,2.66417866817,0.5,6.25816211721,192.811767445,-4.87800853573,1.24148601471,0.0,0.239781313899,0.309256252699,-1.95046925525,0.0,0.0148489240029,-0.065372111043,0.0,0.0,0.0,0.328124393977
1067,17.66,4.07946979668,119.827634323,-4.9204781716,2.66417866817,0.5,6.22327289392,192.801971591,-4.87868863755,1.24167696703,0.0,0.229172921717,0.301844212869,-1.95109516152,0.0,0.00605164023026,-0.0721766794842,0.0,0.0,0.0,0.263314108988
1068,17.68,4.07946979668,119.827634323,-4.9204781716,2.66417866817,0.5,6.18561419867,192.798263507,-4.87942272517,1.24174924938,0.0,0.215732285172,0.297910653289,-1.95176246403,0.0,0.0210342019707,-0.071257669777,0.0,0.0,0.0,0.330399615672
1069,17.7,4.07946979668,119.827634323,-4.9204781716,2.66417866817,0.5,6.14589870377,192.789289597,-4.88019690636,1.2419241794,0.0,0.202497530322,0.289225155451,-1.95300971974,0.0,0.0110992186775,-0.0802512693847,0.0,0.0,0.0,0.264164175028
1070,17.74,4.07946979668,119.827634323,-4.9204781716,2.66417866817,0.5,6.10520784962,192.779215855,-4.8809901004,1.24212054863,0.0,0.189152335659,0.281600287417,-1.95412426657,0.0,0.012059567693,-0.0812695323872,0.0,0.0,0.0,0.264291963643
1071,17.76,4.07946979668,119.827634323,-4.9204781716,2.66417866817,0.5,6.06358375754,192.779195923,-4.88180148621,1.24212093717,0.0,0.176563646255,0.267155665731,-1.95527066594,0.0,0.0268522802442,-0.0779418958988,0.0,0.0,0.0,0.235344670251
1072,17.77,4.07946979668,119.827634323,-4.9204781716,2.66417866817,0.5,6.0210731697,192.777221091,-4.88263015264,1.24215943292,0.0,0.163825267231,0.254557457124,-1.95621078337,0.0,0.0284253582003,-0.0785674359176,0.0,0.0,0.0,0.234532308244
1073,17.78,4.07946979668,119.827634323,-4.9204781716,2.66417866817,0.5,5.97499217816,192.788774337,-4.88352841758,1.24193422345,0.0,0.151695312157,0.23506707978,-1.95720335552,0.0,0.0504773215001,-0.0771178066424,0.0,0.0,0.0,0.202155065737
1074,17.79,4.07946979668,119.827634323,-4.9204781716,2.66417866817,0.5,6.02292455109,192.930104371,-4.88259406333,1.23917925202,0.0,0.159117162749,0.205362664888,-1.9561720113,0.0,0.221656820773,0.190535684385,0.0,0.0,0.0,-0.0590110119744
1075,17.81,4.07946979668,119.827634323,-4.9204781716,2.66417866817,0.5,6.06969588601,193.071388518,-4.8816823414,1.23642517508,0.0,0.166480864503,0.175691703648,-1.95543121702,0.0,0.222257145998,0.187961160273,0.0,0.0,0.0,-0.0653877839795
1076,17.83,4.07946979668,119.827634323,-4.9204781716,2.66417866817,0.5,5.81838400166,192.661858528,-4.88658120854,1.24440821583,0.0,0.100620977081,0.208858960298,-1.95903954684,0.0,-0.209633151962,-0.37336665406,0.0,0.0,0.0,0.5465939541
1077,17.85,4.07946979668,119.827634323,-4.9204781716,2.66417866817,0.5,5.86451724164,192.77237641,-4.88568192511,1.24225387114,0.0,0.0983959016084,0.193202620174,-1.95866116007,0.0,0.166381570637,0.165094010988,0.0,0.0,0.0,0.0811975280951
1078,17.86,4.07946979668,119.827634323,-4.9204781716,2.66417866817,0.5,5.90895136819,192.883943799,-4.8848157628,1.24007906825,0.0,0.0961292826154,0.177444622929,-1.95836151343,0.0,0.169059748096,0.162421392902,0.0,0.0,0.0,0.0717317497692
1079,17.87,4.07946979668,119.827634323,-4.9204781716,2.66417866817,0.5,5.95307963805,192.995592243,-4.88395556261,1.23790268532,0.0,0.0938562241273,0.161686556716,-1.9580165933,0.0,0.169453330578,0.161877146227,0.0,0.0,0.0,0.0728520361534
1080,17.89,4.07946979668,119.827634323,-4.9204781716,2.66417866817,0.5,5.99698395931,193.107370189,-4.88309972789,1.23572377799,0.0,0.091580569578,0.14592835953,-1.95762867863,0.0,0.169880468165,0.161508569115,0.0,0.0,0.0,0.073655991793
1081,17.9,4.07946979668,119.827634323,-4.9204781716,2.66417866817,0.5,6.04073353991,193.219310958,-4.88224690955,1.23354169672,0.0,0.0893052508829,0.130169954612,-1.95719959894,0.0,0.170323077768,0.161281871498,0.0,0.0,0.0,0.0742198678874
1082,17.91,4.07946979668,119.827634323,-4.9204781716,2.66417866817,0.5,6.08438735491,193.331435669,-4.88139595799,1.23135602984,0.0,0.0870324545844,0.114411262986,-1.95673082134,0.0,0.170766556773,0.161169868264,0.0,0.0,0.0,0.0746035744631
1083,17.92,4.07946979668,119.827634323,-4.9204781716,2.66417866817,0.5,6.05707491681,193.357696915,-4.88192836419,1.23084411473,0.0,0.0722828078221,0.107036591258,-1.95554420328,0.0,0.067834019974,-0.0303361621982,0.0,0.0,0.0,0.281717961619
1084,17.98,4.07946979668,119.827634323,-4.9204781716,2.66417866817,0.5,6.03007187254,193.386271538,-4.88245473933,1.23028710453,0.0,0.0576023404102,0.0995909430506,-1.95421169358,0.0,0.0718299193414,-0.0280184908776,0.0,0.0,0.0,0.284654672284
1085,18.0,4.07946979668,119.827634323,-4.9204781716,2.66417866817,0.5,6.00279955875,193.415264992,-4.88298636338,1.22972192999,0.0,0.0429237355743,0.0921490287234,-1.95276437233,0.0,0.0727260816583,-0.0282685493426,0.0,0.0,0.0,0.285244087201
1086,18.03,4.07946979668,119.827634323,-4.9204781716,2.66417866817,0.5,5.95840702555,193.429329453,-4.8838517149,1.22944776895,0.0,0.0239031774233,0.087576502828,-1.95104913623,0.0,0.0581521370058,-0.0702777930252,0.0,0.0,0.0,0.342250134494
1087,18.05,4.07946979668,119.827634323,-4.9204781716,2.66417866817,0.5,5.91480144229,193.445898243,-4.88470172627,1.22912479058,0.0,0.00497741561997,0.0829530700421,-1.94922885568,0.0,0.0620200387838,-0.0670274957929,0.0,0.0,0.0,0.343208245075
1088,18.08,4.07946979668,119.827634323,-4.9204781716,2.66417866817,0.5,5.91337212316,193.546760635,-4.88472958824,1.22715866209,0.0,-0.0035784732832,0.0702766745253,-1.94692625765,0.0,0.184226980991,0.0699999422543,0.0,0.0,0.0,0.296031643557
1089,18.09,4.07946979668,119.827634323,-4.9204781716,2.66417866817,0.5,5.88314632681,193.638576542,-4.88531878505,1.22536887832,0.0,-0.0137728513193,0.0571378274264,-1.94600898264,0.0,0.188343123101,0.0108939813529,0.0,0.0,0.0,0.156681045222
1090,18.11,4.07946979668,119.827634323,-4.9204781716,2.66417866817,0.5,5.83944191706,193.726178975,-4.88617072286,1.22366122856,0.0,-0.0246124356073,0.0436676573871,-1.94571522457,0.0,0.190235831664,-0.0166798299872,0.0,0.0,0.0,0.0840170422412
1091,18.13,4.07946979668,119.827634323,-4.9204781716,2.66417866817,0.5,5.88856494775,193.802589181,-4.88521315891,1.22217175087,0.0,-0.0173212343425,0.0413877962785,-1.94409657751,0.0,0.103625206732,0.143640581125,0.0,0.0,0.0,0.130928535256
1092,18.15,4.07946979668,119.827634323,-4.9204781716,2.66417866817,0.5,5.9062982639,193.865562317,-4.88486748024,1.22094420435,0.0,-0.013161684161,0.0399102768665,-1.94154207485,0.0,0.101794767718,0.0767125003893,0.0,0.0,0.0,0.238550795154
1093,18.16,4.07946979668,119.827634323,-4.9204781716,2.66417866817,0.5,5.90576978341,193.91290675,-4.884877782,1.22002131092,0.0,-0.0118672660654,0.0399617040402,-1.93861898805,0.0,0.0864396215988,0.0321973132763,0.0,0.0,0.0,0.287147547109
1094,18.17,4.07946979668,119.827634323,-4.9204781716,2.66417866817,0.5,5.89523860151,193.949606623,-4.8850830682,1.21930591378,0.0,-0.012895081053,0.041506911751,-1.93561074462,0.0,0.0741689930691,0.00627747996416,0.0,0.0,0.0,0.305017367503
1095,18.19,4.07946979668,119.827634323,-4.9204781716,2.66417866817,0.5,5.87863908892,193.978501397,-4.88540664544,1.21874266284,0.0,-0.0160810937932,0.0445881575924,-1.93265437331,0.0,0.0642068478872,-0.0104317460996,0.0,0.0,0.0,0.309356150186
1096,18.2,4.07946979668,119.827634323,-4.9204781716,2.66417866817,0.5,5.89243930697,194.037101047,-4.88513763534,1.21760036945,0.0,-0.0127892066299,0.0489040390982,-1.93196370744,0.0,0.0971705745485,0.0656186379776,0.0,0.0,0.0,0.0540516265931
1097,18.23,4.07946979668,119.827634323,-4.9204781716,2.66417866817,0.5,5.87039700348,194.066596467,-4.88556730987,1.21702541,0.0,-0.014983820493,0.0592191902051,-1.93231348301,0.0,0.0689686240364,-0.0198792427792,0.0,0.0,0.0,-0.0231847097791
1098,18.24,4.07946979668,119.827634323,-4.9204781716,2.66417866817,0.5,5.90151490666,194.172023634,-4.88496072307,1.21497029953,0.0,-0.00656869137839,0.0620237504962,-1.9320146499,0.0,0.170879194843,0.129502107851,0.0,0.0,0.0,-0.021006185525
1099,18.26,4.07946979668,119.827634323,-4.9204781716,2.66417866817,0.5,5.92085417322,194.270229723,-4.88458373931,1.21305595082,0.0,0.0023171401451,0.063926021209,-1.93213714384,0.0,0.165796546895,0.10292103927,0.0,0.0,0.0,-0.0682179480413
1100,18.27,4.07946979668,119.827634323,-4.9204781716,2.66417866817,0.5,5.93777317225,194.367229062,-4.88425393426,1.21116512549,0.0,0.0126176078224,0.0646285775293,-1.93234347648,0.0,0.165287206708,0.0977624993747,0.0,0.0,0.0,-0.0867724181632
1101,18.29,4.07946979668,119.827634323,-4.9204781716,2.66417866817,0.5,5.95365573479,194.463189466,-4.88394433266,1.20929455231,0.0,0.0228541323998,0.0653560330752,-1.93257377647,0.0,0.164073085131,0.0951477160836,0.0,0.0,0.0,-0.0895132935334
1102,18.31,4.07946979668,119.827634323,-4.9204781716,2.66417866817,0.5,5.99661066296,194.585555675,-4.88310700462,1.20690924611,0.0,0.0396192942349,0.0619680681358,-1.93217770419,0.0,0.193645158429,0.162690833379,0.0,0.0,0.0,-0.0669917844904
1103,18.32,4.07946979668,119.827634323,-4.9204781716,2.66417866817,0.5,5.85587403813,194.490532855,-4.88585040861,1.20876154279,0.0,0.0151227072188,0.0873035965601,-1.93259234701,0.0,0.00433472508013,-0.191977105061,0.0,0.0,0.0,0.0877148840483
1104,18.33,4.07946979668,119.827634323,-4.9204781716,2.66417866817,0.5,5.80802585842,194.529189049,-4.88678312167,1.20800801075,0.0,0.0094678311263,0.0989676308052,-1.93273549208,0.0,0.104835566434,-0.0605616041045,0.0,0.0,0.0,0.0348770580967
1105,18.35,4.07946979668,119.827634323,-4.9204781716,2.66417866817,0.5,5.76722080607,194.576402631,-4.88757854179,1.20708766801,0.0,0.00458776438209,0.110185840845,-1.93279492332,0.0,0.114373890864,-0.0417814684883,0.0,0.0,0.0,0.0450032214019
1106,18.37,4.07946979668,119.827634323,-4.9204781716,2.66417866817,0.5,5.73888402396,194.645486869,-4.88813091571,1.20574099671,0.0,0.00176513368704,0.119812059224,-1.93286616043,0.0,0.145606592822,-0.00393272497468,0.0,0.0,0.0,0.0252760915119
1107,18.38,4.07946979668,119.827634323,-4.9204781716,2.66417866817,0.5,5.72333340478,194.730222535,-4.88843404669,1.20408922934,0.0,0.0014118237599,0.12784810244,-1.93266130389,0.0,0.165292523717,0.0301410125496,0.0,0.0,0.0,0.0248668434876
1108,18.39,4.07946979668,119.827634323,-4.9204781716,2.66417866817,0.5,5.71596298379,194.823719097,-4.88857771961,1.20226668427,0.0,0.00330872402259,0.134433361915,-1.93218245057,0.0,0.17562113134,0.0510080164625,0.0,0.0,0.0,0.0230995276404
1109,18.4,4.07946979668,119.827634323,-4.9204781716,2.66417866817,0.5,5.71310760882,194.921476894,-4.88863337994,1.2003610742,0.0,0.00729751743285,0.139622637949,-1.93147227635,0.0,0.180306071026,0.0620485044987,0.0,0.0,0.0,0.0165508393642
1110,18.41,4.07946979668,119.827634323,-4.9204781716,2.66417866817,0.5,5.71232692314,195.020626652,-4.88864859799,1.19842833036,0.0,0.013297879783,0.143428895103,-1.93056706503,0.0,0.181468496688,0.0666286820932,0.0,0.0,0.0,0.00590456336099
1111,18.43,4.07946979668,119.827634323,-4.9204781716,2.66417866817,0.5,5.71206472893,195.119312721,-4.88865370899,1.19650462533,0.0,0.0212639541373,0.145858844473,-1.92949481875,0.0,0.18033800977,0.0670662970812,0.0,0.0,0.0,-0.00757760526371
1112,18.44,4.07946979668,119.827634323,-4.9204781716,2.66417866817,0.5,5.71147402917,195.216454725,-4.8886652236,1.19461101901,0.0,0.031172843686,0.146919653837,-1.92827664881,0.0,0.177832031498,0.0651932228189,0.0,0.0,0.0,-0.0227009004257
1113,18.44,4.07946979668,119.827634323,-4.9204781716,2.66417866817,0.5,5.70973507004,195.31235401,-4.88869912144,1.19274163723,0.0,0.0410097017734,0.148005592417,-1.92708176622,0.0,0.176406689851,0.0619849423323,0.0,0.0,0.0,-0.0250446478073
1114,18.46,4.07946979668,119.827634323,-4.9204781716,2.66417866817,0.5,5.73811847295,195.432475359,-4.88814583873,1.19040009046,0.0,0.0578912908923,0.145047775101,-1.9247301498,0.0,0.200506258081,0.13309599872,0.0,0.0,0.0,-0.0112726744093
1115,18.49,4.07946979668,119.827634323,-4.9204781716,2.66417866817,0.5,5.7649784634,195.550595268,-4.88762225218,1.18809755813,0.0,0.0746643472066,0.142123617633,-1.92246959825,0.0,0.198127752764,0.128366296349,0.0,0.0,0.0,-0.0139610122367
1116,18.51,4.07946979668,119.827634323,-4.9204781716,2.66417866817,0.5,5.79095865763,195.66557351,-4.88711581564,1.18585626686,0.0,0.093929576654,0.137486541383,-1.92013656969,0.0,0.193295908086,0.124178900016,0.0,0.0,0.0,-0.0351439203742
1117,18.54,4.07946979668,119.827634323,-4.9204781716,2.66417866817,0.5,5.80882350829,195.771980504,-4.88676757294,1.18378205645,0.0,0.114414216799,0.13180353301,-1.91804066756,0.0,0.183206390532,0.103074261227,0.0,0.0,0.0,-0.0652788738339
1118,18.57,4.07946979668,119.827634323,-4.9204781716,2.66417866817,0.5,5.82533507311,195.878735665,-4.88644571008,1.18170105917,0.0,0.134850193046,0.126040944258,-1.91617970328,0.0,0.184957965556,0.10038263875,0.0,0.0,0.0,-0.0766496063114
1119,18.61,4.07946979668,119.827634323,-4.9204781716,2.66417866817,0.5,5.87081756201,196.008808842,-4.88555911185,1.17916551964,0.0,0.161857394341,0.116553148072,-1.91361447804,0.0,0.208954213043,0.168093130782,0.0,0.0,0.0,-0.0702515546153
1120,18.64,4.07946979668,119.827634323,-4.9204781716,2.66417866817,0.5,5.86430804527,195.95175267,-4.88568600302,1.18027772574,0.0,0.157147492856,0.145576444215,-1.91628979509,0.0,-0.0154403956864,0.0143125082156,0.0,0.0,0.0,-0.24101719884
1121,18.67,4.07946979668,119.827634323,-4.9204781716,2.66417866817,0.5,5.85913801036,195.89504747,-4.88578678342,1.18138309025,0.0,0.153520046038,0.172338751634,-1.91899633366,0.0,-0.0263793297835,0.00721022236695,0.0,0.0,0.0,-0.263131276016
1122,18.7,4.07946979668,119.827634323,-4.9204781716,2.66417866817,0.5,5.92935919605,195.974133038,-4.88441794939,1.17984146126,0.0,0.175148704641,0.177774921705,-1.91981060062,0.0,0.0992033616749,0.180753529967,0.0,0.0,0.0,-0.458363388225
1123,18.72,4.07946979668,119.827634323,-4.9204781716,2.66417866817,0.5,5.99734805815,196.053039343,-4.88309263045,1.17830332666,0.0,0.196715157358,0.183228952415,-1.92056061717,0.0,0.100185699568,0.176484912284,0.0,0.0,0.0,-0.462186686158
1124,18.74,4.07946979668,119.827634323,-4.9204781716,2.66417866817,0.5,5.99516755046,195.953306017,-4.88313513547,1.18024744607,0.0,0.185221793587,0.224190829022,-1.9240522338,0.0,-0.0322004140351,0.0212887719619,0.0,0.0,0.0,-0.252959766539
1125,18.76,4.07946979668,119.827634323,-4.9204781716,2.66417866817,0.5,6.0106111428,195.94068888,-4.88283409078,1.18049339415,0.0,0.196135096488,0.239714946188,-1.92426503021,0.0,-0.0324848435666,0.0195572882391,0.0,0.0,0.0,-0.272163148629
1126,18.78,4.07946979668,119.827634323,-4.9204781716,2.66417866817,0.5,6.02570670615,195.929151806,-4.88253983029,1.18071828837,0.0,0.207105116439,0.255223491049,-1.92431845975,0.0,-0.0302292402156,0.0196149509083,0.0,0.0,0.0,-0.274065542869
1127,18.8,4.07946979668,119.827634323,-4.9204781716,2.66417866817,0.5,6.03948046212,196.024721601,-4.88227133602,1.17885532941,0.0,0.222400655562,0.241168056994,-1.92426831957,0.0,0.00973965392084,0.0855895778377,0.0,0.0,0.0,-0.226888171488
1128,18.83,4.07946979668,119.827634323,-4.9204781716,2.66417866817,0.5,6.08096547663,196.047856397,-4.88146266127,1.17840435872,0.0,0.237353377571,0.237962337675,-1.92300120447,0.0,0.0146455479298,0.0910611554149,0.0,0.0,0.0,-0.228093857453
1129,18.86,4.07946979668,119.827634323,-4.9204781716,2.66417866817,0.5,6.12211608856,196.070913132,-4.8806605051,1.17795490972,0.0,0.252291857108,0.234760009316,-1.92178644163,0.0,0.0148308227283,0.0903501307655,0.0,0.0,0.0,-0.228339603909
1130,18.88,4.07946979668,119.827634323,-4.9204781716,2.66417866817,0.5,6.13099898692,196.082499776,-4.88048734918,1.17772904919,0.0,0.2578798113,0.234954699288,-1.92091542174,0.0,-0.00480957849908,0.0219853295586,0.0,0.0,0.0,-0.0276237450967
1131,18.9,4.07946979668,119.827634323,-4.9204781716,2.66417866817,0.5,6.13955429381,196.083952583,-4.88032057907,1.17770072937,0.0,0.262051209705,0.236524415657,-1.92014364978,0.0,-0.00302124011109,0.0165917312963,0.0,0.0,0.0,-0.020251045369
1132,18.93,4.07946979668,119.827634323,-4.9204781716,2.66417866817,0.5,6.1212727382,196.001623266,-4.88067694467,1.17930558937,0.0,0.241178254928,0.264949120899,-1.92494469848,0.0,-0.00426377986591,0.00990015415267,0.0,0.0,0.0,-0.0119643784309
1133,18.96,4.07946979668,119.827634323,-4.9204781716,2.66417866817,0.5,6.12682051238,196.001251275,-4.88056880093,1.17931284065,0.0,0.243717256967,0.26637829878,-1.92441211087,0.0,-0.00441049369401,0.00987517459809,0.0,0.0,0.0,-0.0134027246454
1134,18.98,4.07946979668,119.827634323,-4.9204781716,2.66417866817,0.5,6.1310431957,196.02359074,-4.88048648741,1.1788773735,0.0,0.247307671078,0.260164062558,-1.92412448162,0.0,0.0133402689,0.018035359514,0.0,0.0,0.0,-0.0481141832121
1135,19.01,4.07946979668,119.827634323,-4.9204781716,2.66417866817,0.5,6.13739452801,196.033230054,-4.88036267977,1.17868947263,0.0,0.250600531283,0.25621669957,-1.9237655972,0.0,0.0133716533912,0.0181021736627,0.0,0.0,0.0,-0.0481888328877
1136,19.06,4.07946979668,119.827634323,-4.9204781716,2.66417866817,0.5,6.14325769738,196.064476204,-4.88024838797,1.17808038589,0.0,0.254961080532,0.244956069989,-1.92363415741,0.0,0.0287097106592,0.0269634202002,0.0,0.0,0.0,-0.0783782911233
1137,19.08,4.07946979668,119.827634323,-4.9204781716,2.66417866817,0.5,6.13952298256,196.056100917,-4.88032118942,1.17824364684,0.0,0.250337230056,0.245368701052,-1.92411295911,0.0,-0.0121368482003,-0.0122117464954,0.0,0.0,0.0,0.0635245814953
1138,19.11,4.07946979668,119.827634323,-4.9204781716,2.66417866817,0.5,6.1253970941,196.066663491,-4.88059654787,1.17803774871,0.0,0.244760052148,0.240923392023,-1.92529720626,0.0,0.00964693281062,-0.021947056426,0.0,0.0,0.0,0.0256307496832
1139,19.12,4.07946979668,119.827634323,-4.9204781716,2.66417866817,0.5,6.1114756213,196.054487508,-4.88086792161,1.17827509731,0.0,0.235858707543,0.24179027011,-1.92690659322,0.0,-0.00457844148177,-0.0296214109005,0.0,0.0,0.0,0.0417336468346
1140,19.15,4.07946979668,119.827634323,-4.9204781716,2.66417866817,0.5,6.09490737732,196.072819552,-4.88119088933,1.17791774753,0.0,0.22912570409,0.233833435767,-1.92856398811,0.0,0.0201000137902,-0.0225350294068,0.0,0.0,0.0,0.00795504981126
1141,19.18,4.07946979668,119.827634323,-4.9204781716,2.66417866817,0.5,6.07479036443,196.06546547,-4.88158303383,1.17806110195,0.0,0.218673862281,0.231678810096,-1.93038636291,0.0,0.000483345552678,-0.0419860204539,0.0,0.0,0.0,0.0588471239085
1142,19.23,4.07946979668,119.827634323,-4.9204781716,2.66417866817,0.5,6.04280513915,196.073523407,-4.8822065275,1.17790402715,0.0,0.20510279346,0.226324315184,-1.9329856062,0.0,0.0187210208907,-0.049971507921,0.0,0.0,0.0,0.0553806436921
1143,19.25,4.07946979668,119.827634323,-4.9204781716,2.66417866817,0.5,6.0152447113,196.073331234,-4.88274376781,1.17790777321,0.0,0.193331412792,0.220912010718,-1.9350340477,0.0,0.0190076024004,-0.0506555726809,0.0,0.0,0.0,0.0562008021244
1144,19.28,4.07946979668,119.827634323,-4.9204781716,2.66417866817,0.5,5.98365220316,196.096951384,-4.88335960618,1.17744734144,0.0,0.182381170316,0.208141554768,-1.93718355238,0.0,0.0404935369618,-0.0453418182648,0.0,0.0,0.0,0.029570783663
1145,19.29,4.07946979668,119.827634323,-4.9204781716,2.66417866817,0.5,5.97084703787,196.082537298,-4.88360921953,1.17772831777,0.0,0.173979517761,0.208770919586,-1.93810636561,0.0,0.0735457941074,0.034648731186,0.0,0.0,0.0,0.0654534525334
1146,19.32,4.07946979668,119.827634323,-4.9204781716,2.66417866817,0.5,5.98782778457,196.140246403,-4.88327821083,1.17660338395,0.0,0.180289221301,0.19258357822,-1.93688741517,0.0,0.0934888780668,0.0712843837821,0.0,0.0,0.0,-0.00388271193411
1147,19.32,4.07946979668,119.827634323,-4.9204781716,2.66417866817,0.5,6.00495830198,196.197927556,-4.88294428261,1.175478995,0.0,0.186578766943,0.176413070866,-1.93576490488,0.0,0.0933705942936,0.0714178860652,0.0,0.0,0.0,-0.00313696080338
1148,19.34,4.07946979668,119.827634323,-4.9204781716,2.66417866817,0.5,6.02228353706,196.255603113,-4.88260655873,1.17435471515,0.0,0.19285667009,0.160258035691,-1.93473870481,0.0,0.093255560979,0.0716578283225,0.0,0.0,0.0,-0.00256479253804
1149,19.35,4.07946979668,119.827634323,-4.9204781716,2.66417866817,0.5,6.03983911712,196.313281605,-4.8822643447,1.17323037806,0.0,0.199130300571,0.144117546488,-1.93380868893,0.0,0.0931252277304,0.0719775913707,0.0,0.0,0.0,-0.00211067775924
1150,19.37,4.07946979668,119.827634323,-4.9204781716,2.66417866817,0.5,6.02729406933,196.287904983,-4.88250888754,1.17372504906,0.0,0.185406886582,0.147618790428,-1.93446116967,0.0,0.0156772074644,-0.00371761722325,0.0,0.0,0.0,0.0805971929954
1151,19.4,4.07946979668,119.827634323,-4.9204781716,2.66417866817,0.5,6.02244717888,196.294594165,-4.88260336883,1.17359465565,0.0,0.182150009645,0.140611125198,-1.93408348166,0.0,0.0156671153867,-0.00419320679556,0.0,0.0,0.0,0.0845432992523
1152,19.41,4.07946979668,119.827634323,-4.9204781716,2.66417866817,0.5,6.01754558516,196.30134656,-4.88269891647,1.17346303001,0.0,0.178893899096,0.13360265201,-1.93367845492,0.0,0.0158151131665,-0.00425349745656,0.0,0.0,0.0,0.0850067703509
1153,19.44,4.07946979668,119.827634323,-4.9204781716,2.66417866817,0.5,6.0126076429,196.30817973,-4.88279517265,1.17332982982,0.0,0.175639954279,0.126593122614,-1.93324695765,0.0,0.0159822058398,-0.00426876677252,0.0,0.0,0.0,0.0853638458806
1154,19.46,4.07946979668,119.827634323,-4.9204781716,2.66417866817,0.5,5.98993075265,196.257521208,-4.8832372173,1.17431732538,0.0,0.153419843339,0.137757381665,-1.93453195836,0.0,-0.0216880128409,-0.0340281331334,0.0,0.0,0.0,0.117282735441
1155,19.48,4.07946979668,119.827634323,-4.9204781716,2.66417866817,0.5,5.97741589326,196.240731719,-4.88348117167,1.17464460587,0.0,0.142353847988,0.138223801488,-1.93485046152,0.0,-0.0217877232017,-0.0346060678733,0.0,0.0,0.0,0.120367407251
1156,19.52,4.07946979668,119.827634323,-4.9204781716,2.66417866817,0.5,5.96470952585,196.223931055,-4.88372885915,1.17497210419,0.0,0.131284515039,0.138688649212,-1.93516315521,0.0,-0.0216624448621,-0.034957897414,0.0,0.0,0.0,0.121504780838
1157,19.54,4.07946979668,119.827634323,-4.9204781716,2.66417866817,0.5,5.95182664699,196.207132114,-4.88397998739,1.17529956894,0.0,0.120212505647,0.139151963003,-1.93547049665,0.0,-0.0215241444341,-0.035273203884,0.0,0.0,0.0,0.12258584686
1158,19.57,4.07946979668,119.827634323,-4.9204781716,2.66417866817,0.5,5.93878124311,196.19034639,-4.88423428376,1.17562677602,0.0,0.109138356363,0.139613780727,-1.93577285203,0.0,-0.0213746777274,-0.0355548104864,0.0,0.0,0.0,0.123621392755
1159,19.59,4.07946979668,119.827634323,-4.9204781716,2.66417866817,0.5,5.934994858,196.219543431,-4.88430809244,1.17505763293,0.0,0.109822035019,0.139929922076,-1.93636353285,0.0,0.0306724875577,0.023479268971,0.0,0.0,0.0,-0.0962015288904
1160,19.62,4.07946979668,119.827634323,-4.9204781716,2.66417866817,0.5,5.89996164886,196.194535238,-4.884991001,1.17554512207,0.0,0.10045656525,0.151008219969,-1.94017714824,0.0,0.0225397855308,0.0121733693296,0.0,0.0,0.0,-0.105307950827
1161,19.64,4.07946979668,119.827634323,-4.9204781716,2.66417866817,0.5,5.90192310091,196.207756595,-4.88495276606,1.17528739581,0.0,0.104879281577,0.150156020318,-1.94055993824,0.0,0.0226875119678,0.0128581557573,0.0,0.0,0.0,-0.104625920793
1162,19.66,4.07946979668,119.827634323,-4.9204781716,2.66417866817,0.5,5.90369746801,196.220865186,-4.88491817801,1.17503186773,0.0,0.109284349227,0.149308654199,-1.94094685953,0.0,0.0226091356697,0.0124467572545,0.0,0.0,0.0,-0.104404171311
1163,19.69,4.07946979668,119.827634323,-4.9204781716,2.66417866817,0.5,5.90531443333,196.233889308,-4.88488665822,1.17477798621,0.0,0.113675098575,0.148465395942,-1.94133841473,0.0,0.0225615575072,0.0121092954958,0.0,0.0,0.0,-0.104286943117
1164,19.72,4.07946979668,119.827634323,-4.9204781716,2.66417866817,0.5,5.9067975352,196.246851519,-4.88485774785,1.17452531152,0.0,0.118054187981,0.147625676295,-1.94173500685,0.0,0.0225385936396,0.0118305966794,0.0,0.0,0.0,-0.10425323163
1165,19.75,4.07946979668,119.827634323,-4.9204781716,2.66417866817,0.5,5.86717388716,196.160378695,-4.88563013865,1.17621094161,0.0,0.0997738349511,0.177240888823,-1.94709157768,0.0,0.0244822771416,0.00354951909515,0.0,0.0,0.0,-0.228561338611
1166,19.77,4.07946979668,119.827634323,-4.9204781716,2.66417866817,0.5,6.03324101289,196.368559099,-4.88239296271,1.17215284407,0.0,0.132651874007,0.165044544915,-1.94547532215,0.0,0.24380525233,0.411956833568,0.0,0.0,0.0,-0.39234568143
1167,19.79,4.07946979668,119.827634323,-4.9204781716,2.66417866817,0.5,6.18282461416,196.560640434,-4.87947710304,1.16840856854,0.0,0.162941668686,0.154143405151,-1.94457497101,0.0,0.242873827672,0.407076885804,0.0,0.0,0.0,-0.391365816972
1168,19.82,4.07946979668,119.827634323,-4.9204781716,2.66417866817,0.5,6.33116832251,196.752393508,-4.87658541282,1.16467069186,0.0,0.193163349091,0.143276123806,-1.944002209,0.0,0.243289002512,0.404186427447,0.0,0.0,0.0,-0.390535491558
1169,19.85,4.07946979668,119.827634323,-4.9204781716,2.66417866817,0.5,6.34442317582,196.784113272,-4.87632703361,1.16405237287,0.0,0.17125677098,0.173999700062,-1.94370278755,0.0,-0.0214917965349,0.0468876386511,0.0,0.0,0.0,0.00846992131079
1170,19.87,4.07946979668,119.827634323,-4.9204781716,2.66417866817,0.5,6.37044484532,196.782450253,-4.87581978859,1.16408479039,0.0,0.181853749311,0.178681058435,-1.94182774827,0.0,-0.0213056872348,0.045854621719,0.0,0.0,0.0,0.00160118079345
1171,19.89,4.07946979668,119.827634323,-4.9204781716,2.66417866817,0.5,6.39618025018,196.780698351,-4.87531812378,1.16411894053,0.0,0.192461076983,0.183351008408,-1.93990302962,0.0,-0.0211721903939,0.0453011957233,0.0,0.0,0.0,0.00150684685821
1172,19.93,4.07946979668,119.827634323,-4.9204781716,2.66417866817,0.5,6.42162603158,196.778868581,-4.87482210465,1.16415460856,0.0,0.203080162147,0.1880089975,-1.93792994378,0.0,-0.0210162110427,0.0447501167226,0.0,0.0,0.0,0.00126214850112
1173,19.95,4.07946979668,119.827634323,-4.9204781716,2.66417866817,0.5,6.44677695647,196.776970077,-4.87433183321,1.16419161643,0.0,0.213712178865,0.192654513792,-1.93590951602,0.0,-0.0208400082678,0.044196489793,0.0,0.0,0.0,0.00089894945009
