,TIMESTAMP,I_RIP_X,I_RIP_Y,S_RIP_X,S_RIP_Y,S_RIP_Z,I_RCP_X,I_RCP_Y,S_RCP_X,S_RCP_Y,S_RCP_Z,S_RCO_A,S_RCO_B,S_RCO_G,S_RC_STEER,S_RC_TLV_X,S_RC_TLV_Y,S_RC_TLV_Z,S_RC_TAV_X,S_RC_TAV_Y,S_RC_TAV_Z
0,0.02,160.593463452,409.661905428,-1.86952312959,-2.98561219157,0.5,163.870513232,408.358581902,-1.80564301691,-2.96020627489,0.0,0.00790831882242,-0.0101395692977,1.26638311646,0.0,0.146962546342,-0.0521832129466,0.0,0.0,0.0,0.0036390950544
1,0.03,160.593463452,409.661905428,-1.86952312959,-2.98561219157,0.5,163.918647038,408.294682178,-1.80470473611,-2.95896066625,0.0,0.00836994748309,-0.0105787717243,1.26641440482,0.0,0.146955527995,-0.0521835842059,0.0,0.0,0.0,0.00360703647226
2,0.04,160.593463452,409.661905428,-1.86952312959,-2.98561219157,0.5,163.959856728,408.246079763,-1.8039014283,-2.95801325074,0.0,0.000160068467493,-0.000103087046393,1.26658166541,0.0,0.114497508294,-0.0481662665074,0.0,0.0,0.0,0.0124141104738
3,0.06,160.593463452,409.661905428,-1.86952312959,-2.98561219157,0.5,163.970975212,408.165693861,-1.80368469372,-2.9564462741,0.0,-0.00166185808183,0.00646820802256,1.26686015309,0.0,0.156038456138,0.0262334616234,0.0,0.0,0.0,0.0284723212659
4,0.07,160.593463452,409.661905428,-1.86952312959,-2.98561219157,0.5,163.978243534,408.081502163,-1.80354301103,-2.95480511038,0.0,-0.00168574043625,0.0120271487294,1.26711265319,0.0,0.160857270418,0.035566800358,0.0,0.0,0.0,0.0252739292826
5,0.09,160.593463452,409.661905428,-1.86952312959,-2.98561219157,0.5,163.98219564,407.993860482,-1.80346597193,-2.95309669556,0.0,0.000337072909294,0.016416061982,1.26733850669,0.0,0.165349680833,0.0437159709084,0.0,0.0,0.0,0.0197088728904
6,0.1,160.593463452,409.661905428,-1.86952312959,-2.98561219157,0.5,164.00803611,407.911539772,-1.80296225907,-2.95149200336,0.0,0.000133117455267,0.0174256294996,1.26702856158,0.0,0.168270425111,-4.83871913064e-05,0.0,0.0,0.0,-0.030479790954
7,0.11,160.593463452,409.661905428,-1.86952312959,-2.98561219157,0.5,164.035457487,407.82822931,-1.8024277293,-2.94986801774,0.0,0.000117677450577,0.0163081143228,1.2669572601,0.0,0.171085105573,-0.00245951349777,0.0,0.0,0.0,-0.00684377066891
8,0.12,160.593463452,409.661905428,-1.86952312959,-2.98561219157,0.5,164.065047023,407.74321599,-1.80185093522,-2.94821083801,0.0,0.000141248518746,0.0129588850823,1.26697596886,0.0,0.175407113906,-0.00545611492009,0.0,0.0,0.0,0.0018307272479
9,0.16,160.593463452,409.661905428,-1.86952312959,-2.98561219157,0.5,164.096430883,407.655893086,-1.80123916408,-2.94650863715,0.0,0.0001415496591,0.0072840715779,1.26705362107,0.0,0.18075133539,-0.00746064065318,0.0,0.0,0.0,0.00776475001096
10,0.17,160.593463452,409.661905428,-1.86952312959,-2.98561219157,0.5,164.128964255,407.565949752,-1.80060498528,-2.9447553558,0.0,0.000126001358872,-0.000726787679194,1.26716278716,0.0,0.18629402391,-0.00808803535434,0.0,0.0,0.0,0.0109218770268
11,0.18,160.593463452,409.661905428,-1.86952312959,-2.98561219157,0.5,164.147860212,407.503792868,-1.80023664304,-2.94354372062,0.0,0.000147181650794,-0.000639819727805,1.26733558239,0.0,0.126587596698,0.00107498229976,0.0,0.0,0.0,0.0173552907602
12,0.19,160.593463452,409.661905428,-1.86952312959,-2.98561219157,0.5,164.169998205,407.433026593,-1.79980510321,-2.94216426107,0.0,8.27413764339e-05,-0.000214255584808,1.26731752199,0.0,0.144531687693,4.96761396933e-05,0.0,0.0,0.0,-0.0018157675482
13,0.21,160.593463452,409.661905428,-1.86952312959,-2.98561219157,0.5,164.192984948,407.359924631,-1.79935701856,-2.94073927156,0.0,5.6718954983e-05,-9.2698006212e-05,1.26729992211,0.0,0.149382472508,-0.000165393133827,0.0,0.0,0.0,-0.00177029629012
14,0.22,160.593463452,409.661905428,-1.86952312959,-2.98561219157,0.5,164.216131274,407.2865386,-1.79890582312,-2.93930874465,0.0,5.18618619916e-05,-8.95634532038e-05,1.26728409646,0.0,0.150003497033,-0.000293841152715,0.0,0.0,0.0,-0.00159091647864
15,0.24,160.593463452,409.661905428,-1.86952312959,-2.98561219157,0.5,164.239281208,407.213197611,-1.79845455735,-2.93787909573,0.0,4.88334475477e-05,-9.92113512799e-05,1.26726919361,0.0,0.149921363456,-0.000325335668376,0.0,0.0,0.0,-0.0014980164405
16,0.25,160.593463452,409.661905428,-1.86952312959,-2.98561219157,0.5,164.262410355,407.139865979,-1.79800369678,-2.93644962922,0.0,4.49137944278e-05,-0.000102747558335,1.26725536769,0.0,0.149891686828,-0.000290162148196,0.0,0.0,0.0,-0.00139016282662
17,0.28,160.593463452,409.661905428,-1.86952312959,-2.98561219157,0.5,164.285521408,407.066511831,-1.79755318893,-2.9350197238,0.0,4.10508418716e-05,-0.000103411832307,1.26724259528,0.0,0.149923039234,-0.000241509526671,0.0,0.0,0.0,-0.00128467756439
18,0.3,160.593463452,409.661905428,-1.86952312959,-2.98561219157,0.5,164.30861843,406.993133011,-1.79710295458,-2.93358933744,0.0,3.77189531522e-05,-0.000103748535963,1.26723072753,0.0,0.149960776063,-0.000199312168192,0.0,0.0,0.0,-0.00119406905393
19,0.32,160.593463452,409.661905428,-1.86952312959,-2.98561219157,0.5,164.331704302,406.919735009,-1.79665293758,-2.93215857717,0.0,3.49172126874e-05,-0.000104156685897,1.2672196301,0.0,0.149989958258,-0.000165776840107,0.0,0.0,0.0,-0.00111690068295
20,0.32,160.593463452,409.661905428,-1.86952312959,-2.98561219157,0.5,164.354781277,406.84632222,-1.79620309402,-2.93072752866,0.0,3.25444478585e-05,-0.000104522712907,1.26720920109,0.0,0.150012274176,-0.00013908277553,0.0,0.0,0.0,-0.00104993076252
21,0.34,160.593463452,409.661905428,-1.86952312959,-2.98561219157,0.5,164.377851177,406.772897538,-1.79575338837,-2.9292962483,0.0,3.0515574281e-05,-0.000104789879456,1.26719935995,0.0,0.150030273466,-0.000117572932337,0.0,0.0,0.0,-0.00099102152594
22,0.35,160.593463452,409.661905428,-1.86952312959,-2.98561219157,0.5,164.400915436,406.699463123,-1.79530379267,-2.92786477822,0.0,2.87674694474e-05,-0.000104960409932,1.26719004072,0.0,0.150045091976,-0.000100064577014,0.0,0.0,0.0,-0.000938716655818
23,0.36,160.593463452,409.661905428,-1.86952312959,-2.98561219157,0.5,164.423975171,406.626020729,-1.79485428517,-2.92643315261,0.0,2.72506824956e-05,-0.000105046023571,1.26718118877,0.0,0.150057294813,-8.56992775269e-05,0.0,0.0,0.0,-0.000891879544371
24,0.37,160.593463452,409.661905428,-1.86952312959,-2.98561219157,0.5,164.447031258,406.552571788,-1.79440484877,-2.92500139937,0.0,2.59252231967e-05,-0.00010505537871,1.2671727587,0.0,0.150067343737,-7.38911078094e-05,0.0,0.0,0.0,-0.000849587394826
25,0.39,160.593463452,409.661905428,-1.86952312959,-2.98561219157,0.5,164.470084392,406.47911746,-1.79395546995,-2.92356954113,0.0,2.47586336391e-05,-0.000104995222175,1.2671647126,0.0,0.150075636054,-6.40864466687e-05,0.0,0.0,0.0,-0.000811092927306
26,0.4,160.593463452,409.661905428,-1.86952312959,-2.98561219157,0.5,164.493135125,406.405658685,-1.79350613791,-2.92213759621,0.0,2.37245848481e-05,-0.000104871746394,1.26715701855,0.0,0.150082509921,-5.59242364818e-05,0.0,0.0,0.0,-0.000775792777538
27,0.42,160.593463452,409.661905428,-1.86952312959,-2.98561219157,0.5,164.5161839,406.332196226,-1.79305684405,-2.92070557945,0.0,2.28016811907e-05,-0.000104690822734,1.26714964954,0.0,0.150088220171,-4.90675933177e-05,0.0,0.0,0.0,-0.000743199168814
28,0.42,160.593463452,409.661905428,-1.86952312959,-2.98561219157,0.5,164.53923107,406.258730701,-1.79260758147,-2.91927350294,0.0,2.19724843856e-05,-0.000104457944379,1.2671425825,0.0,0.150092982989,-4.32617404189e-05,0.0,0.0,0.0,-0.000712916763068
29,0.44,160.593463452,409.661905428,-1.86952312959,-2.98561219157,0.5,164.56227692,406.185262616,-1.79215834463,-2.91784137653,0.0,2.12227384302e-05,-0.000104178198246,1.26713579756,0.0,0.150096974081,-3.83303949565e-05,0.0,0.0,0.0,-0.000684624271922
30,0.46,160.593463452,409.661905428,-1.86952312959,-2.98561219157,0.5,164.585321679,406.111792384,-1.79170912906,-2.91640920827,0.0,2.05407537428e-05,-0.000103856272834,1.26712927747,0.0,0.150100331815,-3.41213817138e-05,0.0,0.0,0.0,-0.000658059797252
31,0.47,160.593463452,409.661905428,-1.86952312959,-2.98561219157,0.5,164.608365532,406.038320343,-1.79125993114,-2.91497700474,0.0,1.99169148118e-05,-0.000103496475559,1.26712300712,0.0,0.150103163091,-3.04700652255e-05,0.0,0.0,0.0,-0.000633009094226
32,0.48,160.593463452,409.661905428,-1.86952312959,-2.98561219157,0.5,164.63140863,405.964846772,-1.79081074795,-2.91354477138,0.0,1.93432852937e-05,-0.00010310275163,1.26711697317,0.0,0.150105567549,-2.73113646548e-05,0.0,0.0,0.0,-0.000609296173814
33,0.51,160.593463452,409.661905428,-1.86952312959,-2.98561219157,0.5,164.654451095,405.891371898,-1.7903615771,-2.91211251263,0.0,1.88132908395e-05,-0.000102678703989,1.26711116372,0.0,0.150107620759,-2.45321272948e-05,0.0,0.0,0.0,-0.000586775785635
34,0.52,160.593463452,409.661905428,-1.86952312959,-2.98561219157,0.5,164.677493026,405.817895911,-1.78991241665,-2.91068023219,0.0,1.83214640724e-05,-0.000102227614255,1.26710556808,0.0,0.150109379563,-2.20802583532e-05,0.0,0.0,0.0,-0.000565327409096
35,0.54,160.593463452,409.661905428,-1.86952312959,-2.98561219157,0.5,164.700534505,405.744418969,-1.78946326501,-2.90924793311,0.0,1.78632392785e-05,-0.000101752464195,1.26710017655,0.0,0.150110890931,-1.99119134243e-05,0.0,0.0,0.0,-0.000544850450086
36,0.55,160.593463452,409.661905428,-1.86952312959,-2.98561219157,0.5,164.7235756,405.6709412,-1.78901412085,-2.90781561793,0.0,1.74347868877e-05,-0.000101255957208,1.26709498028,0.0,0.150112203476,-1.79591006266e-05,0.0,0.0,0.0,-0.000525260400728
37,0.56,160.593463452,409.661905428,-1.86952312959,-2.98561219157,0.5,164.746616366,405.597462715,-1.78856498311,-2.90638328878,0.0,1.70328798373e-05,-0.000100740539424,1.26708997115,0.0,0.150113336553,-1.62018455803e-05,0.0,0.0,0.0,-0.000506485767805
38,0.57,160.593463452,409.661905428,-1.86952312959,-2.98561219157,0.5,164.76965685,405.523983604,-1.78811585089,-2.90495094744,0.0,1.66547855123e-05,-0.000100208420143,1.26708514163,0.0,0.150114331859,-1.46260881026e-05,0.0,0.0,0.0,-0.000488465614634
39,0.58,160.593463452,409.661905428,-1.86952312959,-2.98561219157,0.5,164.792697088,405.450503944,-1.78766672343,-2.90351859539,0.0,1.62981782237e-05,-9.96615914078e-05,1.26708048472,0.0,0.150115216712,-1.31636697834e-05,0.0,0.0,0.0,-0.00047114759235
40,0.59,160.593463452,409.661905428,-1.86952312959,-2.98561219157,0.5,164.815737114,405.377023799,-1.78721760013,-2.90208623391,0.0,1.59610681998e-05,-9.9101846577e-05,1.26707599387,0.0,0.150115983724,-1.18487690084e-05,0.0,0.0,0.0,-0.000454486361696
41,0.61,160.593463452,409.661905428,-1.86952312959,-2.98561219157,0.5,164.838776953,405.303543226,-1.78676848045,-2.90065386405,0.0,1.56417438687e-05,-9.85307978131e-05,1.26707166293,0.0,0.150116672844,-1.06175438565e-05,0.0,0.0,0.0,-0.000438442326512
42,0.63,160.593463452,409.661905428,-1.86952312959,-2.98561219157,0.5,164.861816629,405.23006227,-1.78631936395,-2.89922148674,0.0,1.53387248496e-05,-9.79498924366e-05,1.26706748609,0.0,0.150117287448,-9.4872917391e-06,0.0,0.0,0.0,-0.000422980615943
43,0.64,160.593463452,409.661905428,-1.86952312959,-2.98561219157,0.5,164.884856161,405.156580971,-1.78587025027,-2.89778910275,0.0,1.50507235874e-05,-9.73604281381e-05,1.26706345785,0.0,0.150117845348,-8.454565478e-06,0.0,0.0,0.0,-0.000408070265313
44,0.65,160.593463452,409.661905428,-1.86952312959,-2.98561219157,0.5,164.907895565,405.083099364,-1.78542113909,-2.89635671275,0.0,1.47766139677e-05,-9.67635670556e-05,1.26705957299,0.0,0.150118340503,-7.46857009395e-06,0.0,0.0,0.0,-0.000393683555827
45,0.67,160.593463452,409.661905428,-1.86952312959,-2.98561219157,0.5,164.930934854,405.009617478,-1.78497203013,-2.89492431731,0.0,1.45154055823e-05,-9.61603487503e-05,1.26705582654,0.0,0.150118786713,-6.56164616416e-06,0.0,0.0,0.0,-0.000379795481081
46,0.69,160.593463452,409.661905428,-1.86952312959,-2.98561219157,0.5,164.953974041,404.936135338,-1.78452292317,-2.89349191693,0.0,1.42662225724e-05,-9.55517021198e-05,1.26705221376,0.0,0.150119202273,-5.68938975571e-06,0.0,0.0,0.0,-0.000366383315215
47,0.7,160.593463452,409.661905428,-1.86952312959,-2.98561219157,0.5,164.977013136,404.862652968,-1.78407381801,-2.89205951204,0.0,1.40282861867e-05,-9.49384563025e-05,1.26704873011,0.0,0.150119570537,-4.88679940574e-06,0.0,0.0,0.0,-0.0003534262625
48,0.71,160.593463452,409.661905428,-1.86952312959,-2.98561219157,0.5,165.000052147,404.789170385,-1.78362471448,-2.89062710303,0.0,1.38009003624e-05,-9.43213506279e-05,1.26704537124,0.0,0.150119921079,-4.1293927028e-06,0.0,0.0,0.0,-0.000340905171978
49,0.72,160.593463452,409.661905428,-1.86952312959,-2.98561219157,0.5,165.023091083,404.715687608,-1.78317561242,-2.88919469021,0.0,1.35834397668e-05,-9.37010436766e-05,1.26704213299,0.0,0.150120239284,-3.41251818841e-06,0.0,0.0,0.0,-0.000328802304592
50,0.74,160.593463452,409.661905428,-1.86952312959,-2.98561219157,0.5,165.04612995,404.642204651,-1.7827265117,-2.88776227389,0.0,1.33753398486e-05,-9.30781215063e-05,1.26703901135,0.0,0.15012052839,-2.73314874682e-06,0.0,0.0,0.0,-0.000317101142496
51,0.75,160.593463452,409.661905428,-1.86952312959,-2.98561219157,0.5,165.069168753,404.568721526,-1.78227741222,-2.88632985431,0.0,1.3176088533e-05,-9.24531051105e-05,1.26703600246,0.0,0.150120797864,-2.06735969674e-06,0.0,0.0,0.0,-0.000305786232058
52,0.78,160.593463452,409.661905428,-1.86952312959,-2.98561219157,0.5,165.092207498,404.495238247,-1.78182831388,-2.88489743171,0.0,1.29852192649e-05,-9.18264571646e-05,1.26703310263,0.0,0.150121053783,-1.46098877094e-06,0.0,0.0,0.0,-0.000294843054291
53,0.8,160.593463452,409.661905428,-1.86952312959,-2.98561219157,0.5,165.115246189,404.421754822,-1.78137921658,-2.88346500627,0.0,1.2802305161e-05,-9.11985881217e-05,1.26703030829,0.0,0.150121289155,-8.81173452476e-07,0.0,0.0,0.0,-0.00028425791745
54,0.82,160.593463452,409.661905428,-1.86952312959,-2.98561219157,0.5,165.138284831,404.348271261,-1.78093012026,-2.88203257819,0.0,1.26269540733e-05,-9.05698617094e-05,1.26702761599,0.0,0.150121518312,-3.16149199646e-07,0.0,0.0,0.0,-0.00027401786732
55,0.85,160.593463452,409.661905428,-1.86952312959,-2.98561219157,0.5,165.161323426,404.274787573,-1.78048102484,-2.88060014763,0.0,1.24588044092e-05,-8.99405998817e-05,1.26702502241,0.0,0.150121720369,2.23774194452e-07,0.0,0.0,0.0,-0.000264110612257
56,0.86,160.593463452,409.661905428,-1.86952312959,-2.98561219157,0.5,165.184361978,404.201303765,-1.78003193026,-2.87916771471,0.0,1.22975215763e-05,-8.93110872742e-05,1.26702252437,0.0,0.150121922284,7.3179486107e-07,0.0,0.0,0.0,-0.000254524459772
57,0.87,160.593463452,409.661905428,-1.86952312959,-2.98561219157,0.5,165.207400489,404.127819843,-1.77958283648,-2.87773527958,0.0,1.21427949473e-05,-8.86815752085e-05,1.26702011875,0.0,0.150122108157,1.21433556888e-06,0.0,0.0,0.0,-0.000245248262877
58,0.89,160.593463452,409.661905428,-1.86952312959,-2.98561219157,0.5,165.230438962,404.054335813,-1.77913374344,-2.87630284235,0.0,1.19943352585e-05,-8.80522852863e-05,1.2670178026,0.0,0.150122288893,1.67392413686e-06,0.0,0.0,0.0,-0.000236271374286
59,0.91,160.593463452,409.661905428,-1.86952312959,-2.98561219157,0.5,165.253477398,403.98085168,-1.7786846511,-2.87487040313,0.0,1.18518723718e-05,-8.74234126144e-05,1.26701557301,0.0,0.150122450998,2.12527186266e-06,0.0,0.0,0.0,-0.000227583607137
60,0.92,160.593463452,409.661905428,-1.86952312959,-2.98561219157,0.5,165.276515801,403.907367451,-1.77823555944,-2.87343796201,0.0,1.171515334e-05,-8.67951286947e-05,1.26701342721,0.0,0.150122609672,2.55520844716e-06,0.0,0.0,0.0,-0.000219175200906
61,0.94,160.593463452,409.661905428,-1.86952312959,-2.98561219157,0.5,165.299554171,403.833883128,-1.7777864684,-2.87200551907,0.0,1.15839407298e-05,-8.61675840125e-05,1.2670113625,0.0,0.15012276428,2.96010033365e-06,0.0,0.0,0.0,-0.000211036791787
62,0.97,160.593463452,409.661905428,-1.86952312959,-2.98561219157,0.5,165.32259251,403.760398717,-1.77733737798,-2.8705730744,0.0,1.14580111613e-05,-8.55409103529e-05,1.26700937628,0.0,0.150122912265,3.36026243312e-06,0.0,0.0,0.0,-0.000203159386807
63,0.98,160.593463452,409.661905428,-1.86952312959,-2.98561219157,0.5,165.345630819,403.68691422,-1.77688828813,-2.86914062807,0.0,1.13371540304e-05,-8.4915222872e-05,1.26700746604,0.0,0.150123048828,3.73911553272e-06,0.0,0.0,0.0,-0.000195534340839
64,1.02,160.593463452,409.661905428,-1.86952312959,-2.98561219157,0.5,165.3686691,403.613429641,-1.77643919884,-2.86770818014,0.0,1.12211703897e-05,-8.42906219492e-05,1.26700562935,0.0,0.150123183005,4.09442465104e-06,0.0,0.0,0.0,-0.000188153336255
65,1.04,160.593463452,409.661905428,-1.86952312959,-2.98561219157,0.5,165.391707353,403.539944984,-1.77599011008,-2.86627573067,0.0,1.11098719609e-05,-8.36671948407e-05,1.26700386385,0.0,0.150123320589,4.44365910545e-06,0.0,0.0,0.0,-0.000181008364787
66,1.06,160.593463452,409.661905428,-1.86952312959,-2.98561219157,0.5,165.414745579,403.46646025,-1.77554102185,-2.86484327973,0.0,1.10030802637e-05,-8.30450171568e-05,1.26700216726,0.0,0.150123440887,4.77971390943e-06,0.0,0.0,0.0,-0.000174091711003
67,1.07,160.593463452,409.661905428,-1.86952312959,-2.98561219157,0.5,165.43778378,403.392975443,-1.77509193411,-2.86341082736,0.0,1.0900625842e-05,-8.24241541793e-05,1.26700053739,0.0,0.150123564007,5.10608635573e-06,0.0,0.0,0.0,-0.000167395937624
68,1.08,160.593463452,409.661905428,-1.86952312959,-2.98561219157,0.5,165.460821956,403.319490566,-1.77464284687,-2.8619783736,0.0,1.08023475756e-05,-8.18046620373e-05,1.2669989721,0.0,0.150123679054,5.41719306241e-06,0.0,0.0,0.0,-0.000160913871827
69,1.09,160.593463452,409.661905428,-1.86952312959,-2.98561219157,0.5,165.483860107,403.246005619,-1.77419376009,-2.86054591851,0.0,1.07080920657e-05,-8.11865887555e-05,1.26699746933,0.0,0.15012379033,5.72609073721e-06,0.0,0.0,0.0,-0.00015463859301
70,1.1,160.593463452,409.661905428,-1.86952312959,-2.98561219157,0.5,165.506898235,403.172520607,-1.77374467378,-2.85911346212,0.0,1.06177130847e-05,-8.05699751874e-05,1.26699602709,0.0,0.150123899942,6.00897988989e-06,0.0,0.0,0.0,-0.000148563421352
71,1.11,160.593463452,409.661905428,-1.86952312959,-2.98561219157,0.5,165.529936339,403.099035529,-1.77329558793,-2.85768100447,0.0,1.05310710806e-05,-7.99548558476e-05,1.26699464344,0.0,0.150124007617,6.29435210873e-06,0.0,0.0,0.0,-0.00014268190721
72,1.13,160.593463452,409.661905428,-1.86952312959,-2.98561219157,0.5,165.552974421,403.025550389,-1.77284650251,-2.85624854559,0.0,1.04480327321e-05,-7.93412596529e-05,1.26699331652,0.0,0.150124106878,6.56104058992e-06,0.0,0.0,0.0,-0.000136987821471
73,1.13,160.593463452,409.661905428,-1.86952312959,-2.98561219157,0.5,165.57601248,402.952065188,-1.77239741754,-2.85481608553,0.0,1.03684705448e-05,-7.87292105806e-05,1.26699204453,0.0,0.150124206455,6.80652976857e-06,0.0,0.0,0.0,-0.000131475146306
74,1.14,160.593463452,409.661905428,-1.86952312959,-2.98561219157,0.5,165.599050518,402.878579927,-1.77194833299,-2.8533836243,0.0,1.0292262486e-05,-7.81187282562e-05,1.2669908257,0.0,0.150124308693,7.0677944486e-06,0.0,0.0,0.0,-0.00012613806667
75,1.15,160.593463452,409.661905428,-1.86952312959,-2.98561219157,0.5,165.622088533,402.805094608,-1.77149924887,-2.85195116194,0.0,1.02192916527e-05,-7.7509828474e-05,1.26698965835,0.0,0.150124399032,7.29800310038e-06,0.0,0.0,0.0,-0.000120970962373
76,1.16,160.593463452,409.661905428,-1.86952312959,-2.98561219157,0.5,165.645126527,402.731609232,-1.77105016516,-2.85051869847,0.0,1.01494459682e-05,-7.69025236613e-05,1.26698854083,0.0,0.150124491001,7.53996486069e-06,0.0,0.0,0.0,-0.000115968400429
77,1.18,160.593463452,409.661905428,-1.86952312959,-2.98561219157,0.5,165.6681645,402.658123801,-1.77060108187,-2.84908623393,0.0,1.00826179061e-05,-7.629682329e-05,1.26698747156,0.0,0.150124583905,7.76122382683e-06,0.0,0.0,0.0,-0.000111125127944
78,1.2,160.593463452,409.661905428,-1.86952312959,-2.98561219157,0.5,165.691202452,402.584638315,-1.77015199899,-2.84765376833,0.0,1.00187042361e-05,-7.56927342431e-05,1.266986449,0.0,0.150124670667,7.96882033322e-06,0.0,0.0,0.0,-0.00010643606548
79,1.21,160.593463452,409.661905428,-1.86952312959,-2.98561219157,0.5,165.714240383,402.511152777,-1.76970291651,-2.84622130169,0.0,9.95760579166e-06,-7.50902611388e-05,1.26698547166,0.0,0.15012475943,8.18845507873e-06,0.0,0.0,0.0,-0.00010189630063
80,1.23,160.593463452,409.661905428,-1.86952312959,-2.98561219157,0.5,165.737278293,402.437667186,-1.76925383444,-2.84478883404,0.0,9.89922725506e-06,-7.4489406619e-05,1.2669845381,0.0,0.150124845455,8.37483600456e-06,0.0,0.0,0.0,-9.75010818188e-05
81,1.24,160.593463452,409.661905428,-1.86952312959,-2.98561219157,0.5,165.760316183,402.364181545,-1.76880475276,-2.84335636539,0.0,9.84347695998e-06,-7.38901716046e-05,1.26698364693,0.0,0.150124925141,8.57607765231e-06,0.0,0.0,0.0,-9.32458126893e-05
82,1.25,160.593463452,409.661905428,-1.86952312959,-2.98561219157,0.5,165.783354053,402.290695853,-1.76835567149,-2.84192389578,0.0,9.79026670852e-06,-7.32925555228e-05,1.2669827968,0.0,0.150125007626,8.76127406564e-06,0.0,0.0,0.0,-8.91260465335e-05
83,1.26,160.593463452,409.661905428,-1.86952312959,-2.98561219157,0.5,165.806391902,402.217210113,-1.76790659061,-2.8404914252,0.0,9.73951160135e-06,-7.26965565071e-05,1.26698198639,0.0,0.15012507993,8.94864212106e-06,0.0,0.0,0.0,-8.51374810283e-05
84,1.28,160.593463452,409.661905428,-1.86952312959,-2.98561219157,0.5,165.829429731,402.143724324,-1.76745751012,-2.83905895369,0.0,9.69112988012e-06,-7.21021715749e-05,1.26698121444,0.0,0.15012516239,9.11312623313e-06,0.0,0.0,0.0,-8.12759531654e-05
85,1.3,160.593463452,409.661905428,-1.86952312959,-2.98561219157,0.5,165.852467539,402.070238488,-1.76700843003,-2.83762648125,0.0,9.64504278104e-06,-7.1509396785e-05,1.26698047972,0.0,0.150125234816,9.27987849351e-06,0.0,0.0,0.0,-7.75374345433e-05
86,1.34,160.593463452,409.661905428,-1.86952312959,-2.98561219157,0.5,165.875505328,401.996752606,-1.76655935034,-2.83619400791,0.0,9.60117439789e-06,-7.09182273766e-05,1.26697978106,0.0,0.150125313011,9.43931806967e-06,0.0,0.0,0.0,-7.39180266485e-05
87,1.37,160.593463452,409.661905428,-1.86952312959,-2.98561219157,0.5,165.898543096,401.923266677,-1.76611027103,-2.83476153367,0.0,9.55945155426e-06,-7.0328657892e-05,1.26697911729,0.0,0.150125382636,9.60537361436e-06,0.0,0.0,0.0,-7.04139565171e-05
88,1.39,160.593463452,409.661905428,-1.86952312959,-2.98561219157,0.5,165.921580844,401.849780704,-1.76566119212,-2.83332905855,0.0,9.51980368391e-06,-6.9740682285e-05,1.2669784873,0.0,0.150125454134,9.75137955732e-06,0.0,0.0,0.0,-6.7021572373e-05
89,1.41,160.593463452,409.661905428,-1.86952312959,-2.98561219157,0.5,165.944618573,401.776294686,-1.76521211359,-2.83189658257,0.0,9.48216271852e-06,-6.91542940156e-05,1.26697789002,0.0,0.150125525711,9.90138900592e-06,0.0,0.0,0.0,-6.37373397407e-05
90,1.42,160.593463452,409.661905428,-1.86952312959,-2.98561219157,0.5,165.967656281,401.702808624,-1.76476303546,-2.83046410573,0.0,9.44646298168e-06,-6.85694861354e-05,1.26697732441,0.0,0.150125594741,1.00468908106e-05,0.0,0.0,0.0,-6.05578372873e-05
91,1.43,160.593463452,409.661905428,-1.86952312959,-2.98561219157,0.5,165.990693969,401.629322519,-1.76431395772,-2.82903162806,0.0,9.41264109043e-06,-6.7986251361e-05,1.26697678944,0.0,0.150125665794,1.01724254468e-05,0.0,0.0,0.0,-5.7479753258e-05
92,1.45,160.593463452,409.661905428,-1.86952312959,-2.98561219157,0.5,166.013731637,401.555836372,-1.76386488037,-2.82759914955,0.0,9.38063586108e-06,-6.74045821394e-05,1.26697628415,0.0,0.150125732544,1.03175222601e-05,0.0,0.0,0.0,-5.44998817257e-05
93,1.47,160.593463452,409.661905428,-1.86952312959,-2.98561219157,0.5,166.036769285,401.482350183,-1.76341580341,-2.82616667023,0.0,9.35038822095e-06,-6.68244707046e-05,1.26697580758,0.0,0.150125792863,1.04453707669e-05,0.0,0.0,0.0,-5.16151191508e-05
94,1.49,160.593463452,409.661905428,-1.86952312959,-2.98561219157,0.5,166.059806913,401.408863952,-1.76296672684,-2.82473419011,0.0,9.32184112462e-06,-6.62459091277e-05,1.26697535882,0.0,0.150125865207,1.05549055642e-05,0.0,0.0,0.0,-4.88224609419e-05
95,1.52,160.593463452,409.661905428,-1.86952312959,-2.98561219157,0.5,166.082844521,401.335377681,-1.76251765066,-2.82330170918,0.0,9.29493947513e-06,-6.56688893612e-05,1.26697493698,0.0,0.150125923488,1.06824644136e-05,0.0,0.0,0.0,-4.61189983093e-05
96,1.53,160.593463452,409.661905428,-1.86952312959,-2.98561219157,0.5,166.105882109,401.261891369,-1.76206857487,-2.82186922747,0.0,9.26963004848e-06,-6.50934032765e-05,1.26697454119,0.0,0.150125983989,1.07901478871e-05,0.0,0.0,0.0,-4.35019150652e-05
97,1.55,160.593463452,409.661905428,-1.86952312959,-2.98561219157,0.5,166.128919677,401.188405018,-1.76161949948,-2.82043674499,0.0,9.24586142283e-06,-6.45194426978e-05,1.26697417063,0.0,0.150126053433,1.08993157732e-05,0.0,0.0,0.0,-4.09684846246e-05
98,1.57,160.593463452,409.661905428,-1.86952312959,-2.98561219157,0.5,166.151957224,401.114918627,-1.76117042448,-2.81900426174,0.0,9.22358390982e-06,-6.39469994301e-05,1.26697382448,0.0,0.150126112098,1.10067943671e-05,0.0,0.0,0.0,-3.85160670596e-05
99,1.59,160.593463452,409.661905428,-1.86952312959,-2.98561219157,0.5,166.174994751,401.041432197,-1.76072134988,-2.81757177773,0.0,9.20274949137e-06,-6.3376065285e-05,1.26697350196,0.0,0.150126171229,1.11184567024e-05,0.0,0.0,0.0,-3.61421063486e-05
100,1.61,160.593463452,409.661905428,-1.86952312959,-2.98561219157,0.5,166.198032258,400.967945729,-1.76027227567,-2.81613929297,0.0,9.18331175672e-06,-6.2806632102e-05,1.26697320232,0.0,0.150126231363,1.12060204038e-05,0.0,0.0,0.0,-3.38441276449e-05
101,1.65,160.593463452,409.661905428,-1.86952312959,-2.98561219157,0.5,166.221069745,400.894459223,-1.75982320185,-2.81470680747,0.0,9.16522584518e-06,-6.22386917669e-05,1.26697292483,0.0,0.150126288832,1.13175400562e-05,0.0,0.0,0.0,-3.16197345841e-05
102,1.66,160.593463452,409.661905428,-1.86952312959,-2.98561219157,0.5,166.244107212,400.82097268,-1.75937412843,-2.81327432124,0.0,9.14844838894e-06,-6.1672236228e-05,1.26697266876,0.0,0.150126347357,1.14049778373e-05,0.0,0.0,0.0,-2.94666068183e-05
103,1.67,160.593463452,409.661905428,-1.86952312959,-2.98561219157,0.5,166.267144658,400.747486099,-1.75892505541,-2.81184183428,0.0,9.13293746018e-06,-6.11072575094e-05,1.26697243344,0.0,0.150126406452,1.14966330891e-05,0.0,0.0,0.0,-2.73824975835e-05
104,1.69,160.593463452,409.661905428,-1.86952312959,-2.98561219157,0.5,166.290182083,400.673999481,-1.75847598278,-2.81040934661,0.0,9.11865251976e-06,-6.05437477221e-05,1.2669722182,0.0,0.150126456264,1.15909193473e-05,0.0,0.0,0.0,-2.53652312337e-05
105,1.7,160.593463452,409.661905428,-1.86952312959,-2.98561219157,0.5,166.313219489,400.600512827,-1.75802691055,-2.80897685823,0.0,9.10555436803e-06,-5.99816990743e-05,1.26697202238,0.0,0.150126517077,1.16627359885e-05,0.0,0.0,0.0,-2.34127010985e-05
106,1.71,160.593463452,409.661905428,-1.86952312959,-2.98561219157,0.5,166.336256873,400.527026137,-1.75757783872,-2.80754436915,0.0,9.09360509792e-06,-5.9421103879e-05,1.26697184538,0.0,0.150126572665,1.17500025174e-05,0.0,0.0,0.0,-2.15228671333e-05
107,1.72,160.593463452,409.661905428,-1.86952312959,-2.98561219157,0.5,166.359294238,400.453539412,-1.7571287673,-2.80611187937,0.0,9.08276804983e-06,-5.88619545601e-05,1.26697168658,0.0,0.150126623556,1.18244313575e-05,0.0,0.0,0.0,-1.96937539261e-05
108,1.74,160.593463452,409.661905428,-1.86952312959,-2.98561219157,0.5,166.382331581,400.380052651,-1.75667969627,-2.8046793889,0.0,9.07300776855e-06,-5.83042436586e-05,1.2669715454,0.0,0.150126673786,1.18988345998e-05,0.0,0.0,0.0,-1.79234484581e-05
109,1.75,160.593463452,409.661905428,-1.86952312959,-2.98561219157,0.5,166.405368905,400.306565855,-1.75623062564,-2.80324689775,0.0,9.06428996119e-06,-5.7747963836e-05,1.26697142126,0.0,0.150126731911,1.19705395778e-05,0.0,0.0,0.0,-1.62100982762e-05
110,1.78,160.593463452,409.661905428,-1.86952312959,-2.98561219157,0.5,166.428406207,400.233079024,-1.75578155542,-2.80181440592,0.0,9.05658145805e-06,-5.71931078778e-05,1.26697131363,0.0,0.150126779533,1.20406330767e-05,0.0,0.0,0.0,-1.45519093993e-05
111,1.79,160.593463452,409.661905428,-1.86952312959,-2.98561219157,0.5,166.451443489,400.159592159,-1.7553324856,-2.80038191343,0.0,9.04985017358e-06,-5.66396686959e-05,1.26697122196,0.0,0.150126836423,1.21123039145e-05,0.0,0.0,0.0,-1.29471446116e-05
112,1.81,160.593463452,409.661905428,-1.86952312959,-2.98561219157,0.5,166.47448075,400.08610526,-1.75488341618,-2.79894942027,0.0,9.04406506987e-06,-5.60876393302e-05,1.26697114574,0.0,0.150126884182,1.21866381653e-05,0.0,0.0,0.0,-1.13941215218e-05
113,1.83,160.593463452,409.661905428,-1.86952312959,-2.98561219157,0.5,166.49751799,400.012618327,-1.75443434717,-2.79751692646,0.0,9.03919612096e-06,-5.55370129497e-05,1.26697108448,0.0,0.15012693455,1.22412081082e-05,0.0,0.0,0.0,-9.89121090856e-06
114,1.85,160.593463452,409.661905428,-1.86952312959,-2.98561219157,0.5,166.52055521,399.939131361,-1.75398527856,-2.79608443199,0.0,9.03521427862e-06,-5.49877828525e-05,1.26697103768,0.0,0.15012698117,1.23155231008e-05,0.0,0.0,0.0,-8.43683492604e-06
115,1.87,160.593463452,409.661905428,-1.86952312959,-2.98561219157,0.5,166.543592408,399.865644362,-1.75353621037,-2.79465193688,0.0,9.03209143952e-06,-5.44399424666e-05,1.26697100488,0.0,0.150127030429,1.23700776141e-05,0.0,0.0,0.0,-7.02946560826e-06
116,1.89,160.593463452,409.661905428,-1.86952312959,-2.98561219157,0.5,166.566629586,399.79215733,-1.75308714257,-2.79321944112,0.0,9.02980041332e-06,-5.38934853484e-05,1.26697098563,0.0,0.150127079155,1.24246268671e-05,0.0,0.0,0.0,-5.66762312723e-06
117,1.91,160.593463452,409.661905428,-1.86952312959,-2.98561219157,0.5,166.589666743,399.718670265,-1.75263807519,-2.79178694473,0.0,9.02831489223e-06,-5.33484051825e-05,1.26697097948,0.0,0.150127127361,1.24791722164e-05,0.0,0.0,0.0,-4.34987434896e-06
118,1.94,160.593463452,409.661905428,-1.86952312959,-2.98561219157,0.5,166.612703878,399.645183168,-1.75218900822,-2.79035444771,0.0,9.02760942142e-06,-5.28046957806e-05,1.26697098602,0.0,0.15012717506,1.25337148225e-05,0.0,0.0,0.0,-3.07483135556e-06
119,1.95,160.593463452,409.661905428,-1.86952312959,-2.98561219157,0.5,166.635740993,399.571696038,-1.75173994165,-2.78892195006,0.0,9.02765937038e-06,-5.22623510798e-05,1.26697100482,0.0,0.150127222265,1.25882556648e-05,0.0,0.0,0.0,-1.84114994771e-06
120,1.97,160.593463452,409.661905428,-1.86952312959,-2.98561219157,0.5,166.658778087,399.498208877,-1.7512908755,-2.7874894518,0.0,9.02844090583e-06,-5.1721365141e-05,1.2669710355,0.0,0.150127268987,1.26427955621e-05,0.0,0.0,0.0,-6.47528368773e-07
121,1.99,160.593463452,409.661905428,-1.86952312959,-2.98561219157,0.5,166.681815159,399.424721684,-1.75084180976,-2.78605695291,0.0,9.02993096497e-06,-5.11817321475e-05,1.26697107765,0.0,0.150127318425,1.26775814978e-05,0.0,0.0,0.0,5.07294213872e-07
122,2.01,160.593463452,409.661905428,-1.86952312959,-2.98561219157,0.5,166.704852211,399.35123446,-1.75039274443,-2.78462445342,0.0,9.0321072296e-06,-5.06434464026e-05,1.26697113092,0.0,0.150127364216,1.27321214024e-05,0.0,0.0,0.0,1.62453885357e-06
123,2.04,160.593463452,409.661905428,-1.86952312959,-2.98561219157,0.5,166.727889241,399.277747205,-1.74994367951,-2.78319195332,0.0,9.034948102e-06,-5.01065023274e-05,1.26697119493,0.0,0.150127412745,1.27669082786e-05,0.0,0.0,0.0,2.70538816954e-06
124,2.06,160.593463452,409.661905428,-1.86952312959,-2.98561219157,0.5,166.75092625,399.204259919,-1.74949461501,-2.78175945261,0.0,9.03843268052e-06,-4.95708944589e-05,1.26697126933,0.0,0.15012745765,1.28214498418e-05,0.0,0.0,0.0,3.7509875348e-06
125,2.08,160.593463452,409.661905428,-1.86952312959,-2.98561219157,0.5,166.773963238,399.130772602,-1.74904555092,-2.78032695131,0.0,9.04254073676e-06,-4.90366174477e-05,1.26697135379,0.0,0.150127496773,1.28589152106e-05,0.0,0.0,0.0,4.7624462893e-06
126,2.1,160.593463452,409.661905428,-1.86952312959,-2.98561219157,0.5,166.797000204,399.057285255,-1.74859648725,-2.77889444941,0.0,9.04725269333e-06,-4.85036660553e-05,1.26697144798,0.0,0.150127545354,1.28979748305e-05,0.0,0.0,0.0,5.74083883382e-06
127,2.12,160.593463452,409.661905428,-1.86952312959,-2.98561219157,0.5,166.820037149,398.983797877,-1.74814742399,-2.77746194693,0.0,9.05254960204e-06,-4.79720351522e-05,1.26697155157,0.0,0.15012758365,1.29354427169e-05,0.0,0.0,0.0,6.68720579841e-06
128,2.13,160.593463452,409.661905428,-1.86952312959,-2.98561219157,0.5,166.843074073,398.91031047,-1.74769836115,-2.77602944386,0.0,9.05841312323e-06,-4.74417197151e-05,1.26697166426,0.0,0.150127630083,1.29702354402e-05,0.0,0.0,0.0,7.60255504582e-06
129,2.14,160.593463452,409.661905428,-1.86952312959,-2.98561219157,0.5,166.866110975,398.836823032,-1.74724929873,-2.7745969402,0.0,9.06482550586e-06,-4.69127148243e-05,1.26697178574,0.0,0.150127676126,1.30050291935e-05,0.0,0.0,0.0,8.48786276839e-06
130,2.15,160.593463452,409.661905428,-1.86952312959,-2.98561219157,0.5,166.889147856,398.763335565,-1.74680023672,-2.77316443597,0.0,9.07176956761e-06,-4.63850156618e-05,1.26697191573,0.0,0.150127713246,1.30425000844e-05,0.0,0.0,0.0,9.34407446353e-06
131,2.17,160.593463452,409.661905428,-1.86952312959,-2.98561219157,0.5,166.912184715,398.689848069,-1.74635117514,-2.77173193116,0.0,9.07922867625e-06,-4.58586175081e-05,1.26697205395,0.0,0.150127759869,1.30815644964e-05,0.0,0.0,0.0,1.01721059385e-05
132,2.19,160.593463452,409.661905428,-1.86952312959,-2.98561219157,0.5,166.935221553,398.616360543,-1.74590211397,-2.77029942579,0.0,9.08718673166e-06,-4.53335157398e-05,1.26697220013,0.0,0.150127796247,1.31190360433e-05,0.0,0.0,0.0,1.09728441836e-05
133,2.2,160.593463452,409.661905428,-1.86952312959,-2.98561219157,0.5,166.95825837,398.542872988,-1.74545305322,-2.76886691984,0.0,9.09562814776e-06,-4.4809705828e-05,1.26697235399,0.0,0.150127840806,1.31538309961e-05,0.0,0.0,0.0,1.17471483604e-05
134,2.21,160.593463452,409.661905428,-1.86952312959,-2.98561219157,0.5,166.981295164,398.469385404,-1.7450039929,-2.76743441334,0.0,9.10453783603e-06,-4.42871833345e-05,1.2669725153,0.0,0.15012787966,1.31715477912e-05,0.0,0.0,0.0,1.24958506352e-05
135,2.23,160.593463452,409.661905428,-1.86952312959,-2.98561219157,0.5,167.004331937,398.395897792,-1.74455493299,-2.76600190627,0.0,9.11390118842e-06,-4.37659439105e-05,1.26697268379,0.0,0.150127923521,1.3206340773e-05,0.0,0.0,0.0,1.32197570621e-05
136,2.25,160.593463452,409.661905428,-1.86952312959,-2.98561219157,0.5,167.027368689,398.322410151,-1.74410587351,-2.76456939865,0.0,9.12370406198e-06,-4.32459832934e-05,1.26697285923,0.0,0.150127963031,1.32283238705e-05,0.0,0.0,0.0,1.39196483852e-05
137,2.26,160.593463452,409.661905428,-1.86952312959,-2.98561219157,0.5,167.050405419,398.248922481,-1.74365681445,-2.76313689047,0.0,9.13393276317e-06,-4.27272973052e-05,1.26697304139,0.0,0.150128006225,1.32631126406e-05,0.0,0.0,0.0,1.45962808806e-05
138,2.28,160.593463452,409.661905428,-1.86952312959,-2.98561219157,0.5,167.073442127,398.175434783,-1.74320775581,-2.76170438174,0.0,9.144574033e-06,-4.22098818491e-05,1.26697323005,0.0,0.150128043741,1.32808209056e-05,0.0,0.0,0.0,1.52503870802e-05
139,2.29,160.593463452,409.661905428,-1.86952312959,-2.98561219157,0.5,167.096478813,398.101947058,-1.7427586976,-2.76027187247,0.0,9.15561503231e-06,-4.16937329082e-05,1.26697342498,0.0,0.150128079092,1.33225485736e-05,0.0,0.0,0.0,1.58826765559e-05
140,2.31,160.593463452,409.661905428,-1.86952312959,-2.98561219157,0.5,167.119515478,398.028459304,-1.7423096398,-2.75883936265,0.0,9.16704332838e-06,-4.11788465423e-05,1.26697362598,0.0,0.150128124517,1.33375723322e-05,0.0,0.0,0.0,1.64938366216e-05
141,2.32,160.593463452,409.661905428,-1.86952312959,-2.98561219157,0.5,167.142552121,397.954971522,-1.74186058244,-2.75740685229,0.0,9.17884688087e-06,-4.06652188867e-05,1.26697383284,0.0,0.150128161098,1.3355267196e-05,0.0,0.0,0.0,1.70845331091e-05
142,2.34,160.593463452,409.661905428,-1.86952312959,-2.98561219157,0.5,167.165588742,397.881483714,-1.7414115255,-2.75597434139,0.0,9.1910140293e-06,-4.01528461489e-05,1.26697404537,0.0,0.150128198716,1.33772254481e-05,0.0,0.0,0.0,1.76554109137e-05
143,2.37,160.593463452,409.661905428,-1.86952312959,-2.98561219157,0.5,167.188625341,397.807995877,-1.74096246898,-2.75454182996,0.0,9.20353347964e-06,-3.96417246072e-05,1.26697426337,0.0,0.150128240055,1.34119850292e-05,0.0,0.0,0.0,1.82070948391e-05
144,2.38,160.593463452,409.661905428,-1.86952312959,-2.98561219157,0.5,167.211661919,397.734508013,-1.74051341289,-2.753109318,0.0,9.21639429268e-06,-3.91318506084e-05,1.26697448666,0.0,0.150128275752,1.34296595006e-05,0.0,0.0,0.0,1.8740190048e-05
145,2.39,160.593463452,409.661905428,-1.86952312959,-2.98561219157,0.5,167.234698474,397.661020123,-1.74006435722,-2.75167680551,0.0,9.22958587199e-06,-3.86232205654e-05,1.26697471506,0.0,0.150128312503,1.34515948618e-05,0.0,0.0,0.0,1.92552827914e-05
146,2.42,160.593463452,409.661905428,-1.86952312959,-2.98561219157,0.5,167.257735008,397.587532205,-1.73961530199,-2.75024429249,0.0,9.24309795238e-06,-3.81158309557e-05,1.26697494839,0.0,0.150128347637,1.34692514874e-05,0.0,0.0,0.0,1.97529410277e-05
147,2.44,160.593463452,409.661905428,-1.86952312959,-2.98561219157,0.5,167.28077152,397.51404426,-1.73916624718,-2.74881177895,0.0,9.25692058902e-06,-3.7609678319e-05,1.2669751865,0.0,0.150128382498,1.34868978407e-05,0.0,0.0,0.0,2.02337148637e-05
148,2.46,160.593463452,409.661905428,-1.86952312959,-2.98561219157,0.5,167.30380801,397.440556289,-1.73871719279,-2.74737926489,0.0,9.27104414628e-06,-3.71047592549e-05,1.26697542921,0.0,0.150128426966,1.35061260836e-05,0.0,0.0,0.0,2.06981373433e-05
149,2.48,160.593463452,409.661905428,-1.86952312959,-2.98561219157,0.5,167.326844478,397.367068291,-1.73826813884,-2.74594675031,0.0,9.28545928764e-06,-3.6601070422e-05,1.26697567636,0.0,0.150128461294,1.35237491103e-05,0.0,0.0,0.0,2.11467247419e-05
150,2.5,160.593463452,409.661905428,-1.86952312959,-2.98561219157,0.5,167.349880924,397.293580267,-1.73781908531,-2.74451423522,0.0,9.30015696572e-06,-3.60986085354e-05,1.26697592781,0.0,0.150128495362,1.35413590364e-05,0.0,0.0,0.0,2.15799772791e-05
151,2.51,160.593463452,409.661905428,-1.86952312959,-2.98561219157,0.5,167.372917348,397.220092216,-1.73737003221,-2.74308171961,0.0,9.31512841222e-06,-3.55973703647e-05,1.26697618341,0.0,0.150128533698,1.35434704503e-05,0.0,0.0,0.0,2.19983795157e-05
152,2.53,160.593463452,409.661905428,-1.86952312959,-2.98561219157,0.5,167.39595375,397.146604139,-1.73692097954,-2.74164920349,0.0,9.33036512866e-06,-3.50973527325e-05,1.26697644302,0.0,0.15012856726,1.35610512417e-05,0.0,0.0,0.0,2.24024009355e-05
153,2.55,160.593463452,409.661905428,-1.86952312959,-2.98561219157,0.5,167.41899013,397.073116036,-1.7364719273,-2.74021668687,0.0,9.34585887722e-06,-3.4598552513e-05,1.26697670648,0.0,0.150128601912,1.35828853529e-05,0.0,0.0,0.0,2.27924963869e-05
154,2.57,160.593463452,409.661905428,-1.86952312959,-2.98561219157,0.5,167.442026487,396.999627908,-1.73602287549,-2.73878416974,0.0,9.36160167204e-06,-3.41009666291e-05,1.26697697368,0.0,0.150128634984,1.36004329862e-05,0.0,0.0,0.0,2.31691064683e-05
155,2.61,160.593463452,409.661905428,-1.86952312959,-2.98561219157,0.5,167.465062823,396.926139753,-1.73557382411,-2.73735165211,0.0,9.37758577046e-06,-3.36045920522e-05,1.26697724448,0.0,0.150128667817,1.36179624986e-05,0.0,0.0,0.0,2.35326581347e-05
156,2.63,160.593463452,409.661905428,-1.86952312959,-2.98561219157,0.5,167.488099137,396.852651573,-1.73512477315,-2.73591913397,0.0,9.39380366494e-06,-3.31094257994e-05,1.26697751875,0.0,0.15012870494,1.36199884037e-05,0.0,0.0,0.0,2.38835650252e-05
157,2.64,160.593463452,409.661905428,-1.86952312959,-2.98561219157,0.5,167.511135429,396.779163367,-1.73467572263,-2.73448661534,0.0,9.4102480749e-06,-3.26154649328e-05,1.26697779638,0.0,0.150128737307,1.36374785479e-05,0.0,0.0,0.0,2.42222278318e-05
158,2.67,160.593463452,409.661905428,-1.86952312959,-2.98561219157,0.5,167.534171699,396.705675136,-1.73422667254,-2.73305409622,0.0,9.42691193901e-06,-3.21227065572e-05,1.26697807724,0.0,0.150128779323,1.36565405453e-05,0.0,0.0,0.0,2.45490348895e-05
159,2.7,160.593463452,409.661905428,-1.86952312959,-2.98561219157,0.5,167.557207946,396.63218688,-1.73377762288,-2.7316215766,0.0,9.44378840796e-06,-3.16311478191e-05,1.26697836123,0.0,0.150128805886,1.36569094952e-05,0.0,0.0,0.0,2.48643623901e-05
160,2.71,160.593463452,409.661905428,-1.86952312959,-2.98561219157,0.5,167.580244172,396.558698598,-1.73332857365,-2.73018905649,0.0,9.46087083661e-06,-3.11407859049e-05,1.26697864822,0.0,0.150128847458,1.36759257422e-05,0.0,0.0,0.0,2.51685748374e-05
161,2.72,160.593463452,409.661905428,-1.86952312959,-2.98561219157,0.5,167.603280375,396.485210291,-1.73287952485,-2.72875653589,0.0,9.47815277766e-06,-3.06516180398e-05,1.26697893812,0.0,0.150128873583,1.36762467641e-05,0.0,0.0,0.0,2.54620254012e-05
162,2.74,160.593463452,409.661905428,-1.86952312959,-2.98561219157,0.5,167.626316556,396.411721959,-1.73243047648,-2.7273240148,0.0,9.4956279743e-06,-3.01636414857e-05,1.26697923081,0.0,0.150128914724,1.36952129312e-05,0.0,0.0,0.0,2.57450563196e-05
163,2.75,160.593463452,409.661905428,-1.86952312959,-2.98561219157,0.5,167.649352716,396.338233603,-1.73198142855,-2.72589149324,0.0,9.51329035406e-06,-2.96768535407e-05,1.26697952621,0.0,0.150128940424,1.36954816716e-05,0.0,0.0,0.0,2.60179991989e-05
164,2.77,160.593463452,409.661905428,-1.86952312959,-2.98561219157,0.5,167.672388853,396.264745222,-1.73153238104,-2.72445897118,0.0,9.53113402217e-06,-2.91912515371e-05,1.2669798242,0.0,0.150128979809,1.37101239842e-05,0.0,0.0,0.0,2.62811753636e-05
165,2.78,160.593463452,409.661905428,-1.86952312959,-2.98561219157,0.5,167.695424967,396.191256816,-1.73108333397,-2.72302644865,0.0,9.54915325556e-06,-2.87068328406e-05,1.26698012471,0.0,0.150129006435,1.37146054649e-05,0.0,0.0,0.0,2.6534896131e-05
166,2.82,160.593463452,409.661905428,-1.86952312959,-2.98561219157,0.5,167.71846106,396.117768385,-1.73063428733,-2.72159392564,0.0,9.56734249677e-06,-2.82235948484e-05,1.26698042763,0.0,0.150129045414,1.3729188923e-05,0.0,0.0,0.0,2.67794632831e-05
167,2.84,160.593463452,409.661905428,-1.86952312959,-2.98561219157,0.5,167.741497131,396.044279931,-1.73018524112,-2.72016140216,0.0,9.58569634832e-06,-2.77415349883e-05,1.26698073288,0.0,0.15012907164,1.37336093162e-05,0.0,0.0,0.0,2.70151691273e-05
168,2.88,160.593463452,409.661905428,-1.86952312959,-2.98561219157,0.5,167.764533179,395.970791451,-1.72973619534,-2.7187288782,0.0,9.60420956728e-06,-2.72606507177e-05,1.26698104038,0.0,0.150129110224,1.37481294936e-05,0.0,0.0,0.0,2.72422970224e-05
169,2.89,160.593463452,409.661905428,-1.86952312959,-2.98561219157,0.5,167.787569205,395.897302948,-1.72928714999,-2.71729635376,0.0,9.6228770595e-06,-2.67809395218e-05,1.26698135003,0.0,0.150129136062,1.37524843824e-05,0.0,0.0,0.0,2.74611214999e-05
170,2.91,160.593463452,409.661905428,-1.86952312959,-2.98561219157,0.5,167.81060521,395.823814421,-1.72883810508,-2.71586382886,0.0,9.64169387464e-06,-2.63023989131e-05,1.26698166176,0.0,0.15012916891,1.37498591984e-05,0.0,0.0,0.0,2.76719086726e-05
171,2.92,160.593463452,409.661905428,-1.86952312959,-2.98561219157,0.5,167.833641192,395.750325869,-1.72838906059,-2.71443130349,0.0,9.66065520119e-06,-2.58250264297e-05,1.2669819755,0.0,0.150129199723,1.37712218002e-05,0.0,0.0,0.0,2.7874916386e-05
172,2.93,160.593463452,409.661905428,-1.86952312959,-2.98561219157,0.5,167.856677151,395.676837294,-1.72794001654,-2.71299877766,0.0,9.67975636155e-06,-2.53488196343e-05,1.26698229117,0.0,0.150129232198,1.37685244642e-05,0.0,0.0,0.0,2.80703945304e-05
173,2.95,160.593463452,409.661905428,-1.86952312959,-2.98561219157,0.5,167.879713089,395.603348695,-1.72749097293,-2.71156625136,0.0,9.69899280714e-06,-2.48737761137e-05,1.26698260869,0.0,0.150129262643,1.37898127043e-05,0.0,0.0,0.0,2.82585852957e-05
174,2.96,160.593463452,409.661905428,-1.86952312959,-2.98561219157,0.5,167.902749004,395.529860072,-1.72704192974,-2.7101337246,0.0,9.71836011414e-06,-2.43998934769e-05,1.266982928,0.0,0.150129294756,1.37870387945e-05,0.0,0.0,0.0,2.84397234058e-05
175,2.98,160.593463452,409.661905428,-1.86952312959,-2.98561219157,0.5,167.925784898,395.456371425,-1.72659288699,-2.70870119737,0.0,9.7378539788e-06,-2.39271693545e-05,1.26698324903,0.0,0.150129328029,1.37884943647e-05,0.0,0.0,0.0,2.86140363746e-05
176,3.0,160.593463452,409.661905428,-1.86952312959,-2.98561219157,0.5,167.948820769,395.382882755,-1.72614384466,-2.70726866969,0.0,9.75747021349e-06,-2.34556013978e-05,1.26698357171,0.0,0.15012935979,1.37856394817e-05,0.0,0.0,0.0,2.87817446814e-05
177,3.03,160.593463452,409.661905428,-1.86952312959,-2.98561219157,0.5,167.971856618,395.309394062,-1.72569480277,-2.70583614156,0.0,9.77720474232e-06,-2.29851872774e-05,1.26698389598,0.0,0.150129389529,1.38067658063e-05,0.0,0.0,0.0,2.89430620315e-05
178,3.06,160.593463452,409.661905428,-1.86952312959,-2.98561219157,0.5,167.994892445,395.235905345,-1.72524576131,-2.70440361297,0.0,9.79705359725e-06,-2.25159246826e-05,1.26698422177,0.0,0.150129420946,1.38038255818e-05,0.0,0.0,0.0,2.90981955502e-05
179,3.08,160.593463452,409.661905428,-1.86952312959,-2.98561219157,0.5,168.017928249,395.162416605,-1.72479672029,-2.70297108392,0.0,9.81701291431e-06,-2.20478113203e-05,1.26698454903,0.0,0.150129453532,1.38051104849e-05,0.0,0.0,0.0,2.92473460036e-05
180,3.11,160.593463452,409.661905428,-1.86952312959,-2.98561219157,0.5,168.040964032,395.088927842,-1.72434767969,-2.70153855443,0.0,9.83707892979e-06,-2.15808449144e-05,1.26698487771,0.0,0.150129481428,1.38218345138e-05,0.0,0.0,0.0,2.93907080352e-05
181,3.11,160.593463452,409.661905428,-1.86952312959,-2.98561219157,0.5,168.063999792,395.015439056,-1.72389863953,-2.70010602448,0.0,9.8572479768e-06,-2.1115023204e-05,1.26698520774,0.0,0.150129513685,1.38230276049e-05,0.0,0.0,0.0,2.95284702699e-05
182,3.12,160.593463452,409.661905428,-1.86952312959,-2.98561219157,0.5,168.08703553,394.941950247,-1.7234495998,-2.69867349409,0.0,9.8775164816e-06,-2.0650343944e-05,1.26698553906,0.0,0.150129535903,1.38225799689e-05,0.0,0.0,0.0,2.9660815535e-05
183,3.13,160.593463452,409.661905428,-1.86952312959,-2.98561219157,0.5,168.110071247,394.868461415,-1.72300056049,-2.69724096325,0.0,9.8978809604e-06,-2.01868049024e-05,1.26698587164,0.0,0.150129567838,1.38236769809e-05,0.0,0.0,0.0,2.97879211196e-05
184,3.15,160.593463452,409.661905428,-1.86952312959,-2.98561219157,0.5,168.133106941,394.79497256,-1.72255152162,-2.69580843197,0.0,9.91833801603e-06,-1.97244038614e-05,1.26698620542,0.0,0.150129598277,1.38204549527e-05,0.0,0.0,0.0,2.99099588121e-05
185,3.17,160.593463452,409.661905428,-1.86952312959,-2.98561219157,0.5,168.156142613,394.721483683,-1.72210248319,-2.69437590025,0.0,9.9388843351e-06,-1.9263138615e-05,1.26698654034,0.0,0.150129626712,1.38412056306e-05,0.0,0.0,0.0,3.00270952038e-05
186,3.2,160.593463452,409.661905428,-1.86952312959,-2.98561219157,0.5,168.179178262,394.647994783,-1.72165344518,-2.69294336808,0.0,9.95951668424e-06,-1.88030069692e-05,1.26698687637,0.0,0.150129656842,1.38378812547e-05,0.0,0.0,0.0,3.01394917566e-05
187,3.24,160.593463452,409.661905428,-1.86952312959,-2.98561219157,0.5,168.20221389,394.57450586,-1.7212044076,-2.69151083548,0.0,9.98023190811e-06,-1.83440067408e-05,1.26698721346,0.0,0.150129688159,1.38387735963e-05,0.0,0.0,0.0,3.02473050308e-05
188,3.27,160.593463452,409.661905428,-1.86952312959,-2.98561219157,0.5,168.225249496,394.501016915,-1.72075537045,-2.69007830244,0.0,1.00010269261e-05,-1.78861357567e-05,1.26698755156,0.0,0.150129717987,1.38353427848e-05,0.0,0.0,0.0,3.03506867633e-05
189,3.28,160.593463452,409.661905428,-1.86952312959,-2.98561219157,0.5,168.248285079,394.427527948,-1.72030633374,-2.68864576896,0.0,1.00218987296e-05,-1.74293918532e-05,1.26698789063,0.0,0.150129740467,1.38388028668e-05,0.0,0.0,0.0,3.04497841122e-05
190,3.29,160.593463452,409.661905428,-1.86952312959,-2.98561219157,0.5,168.271320641,394.354038958,-1.71985729745,-2.68721323505,0.0,1.00428443794e-05,-1.69737728753e-05,1.26698823063,0.0,0.150129770002,1.38352615903e-05,0.0,0.0,0.0,3.05447397254e-05
191,3.3,160.593463452,409.661905428,-1.86952312959,-2.98561219157,0.5,168.29435618,394.280549946,-1.71940826159,-2.6857807007,0.0,1.00638610035e-05,-1.65192766759e-05,1.26698857151,0.0,0.150129797544,1.38556869963e-05,0.0,0.0,0.0,3.06356918611e-05
192,3.31,160.593463452,409.661905428,-1.86952312959,-2.98561219157,0.5,168.317391698,394.207060912,-1.71895922616,-2.68434816593,0.0,1.00849457942e-05,-1.60659011153e-05,1.26698891325,0.0,0.150129826792,1.3852031333e-05,0.0,0.0,0.0,3.07227746633e-05
193,3.32,160.593463452,409.661905428,-1.86952312959,-2.98561219157,0.5,168.340427193,394.133571856,-1.71851019116,-2.68291563072,0.0,1.0106096006e-05,-1.56136440605e-05,1.26698925581,0.0,0.150129857237,1.38525864767e-05,0.0,0.0,0.0,3.08061181117e-05
194,3.35,160.593463452,409.661905428,-1.86952312959,-2.98561219157,0.5,168.363462667,394.060082778,-1.7180611566,-2.68148309509,0.0,1.0127308953e-05,-1.51625033841e-05,1.26698959914,0.0,0.150129886206,1.38488125843e-05,0.0,0.0,0.0,3.08858482804e-05
195,3.37,160.593463452,409.661905428,-1.86952312959,-2.98561219157,0.5,168.386498118,393.986593678,-1.71761212245,-2.68005055903,0.0,1.01485820074e-05,-1.47124769644e-05,1.26698994322,0.0,0.150129916376,1.38492476176e-05,0.0,0.0,0.0,3.09620874069e-05
196,3.4,160.593463452,409.661905428,-1.86952312959,-2.98561219157,0.5,168.409533548,393.913104557,-1.71716308874,-2.67861802254,0.0,1.01699125969e-05,-1.42635626844e-05,1.266990288,0.0,0.150129937872,1.38522973812e-05,0.0,0.0,0.0,3.10349539933e-05
197,3.42,160.593463452,409.661905428,-1.86952312959,-2.98561219157,0.5,168.432568955,393.839615413,-1.71671405546,-2.67718548564,0.0,1.01912982025e-05,-1.38157584309e-05,1.26699063346,0.0,0.150129966434,1.38483391685e-05,0.0,0.0,0.0,3.11045629556e-05
198,3.44,160.593463452,409.661905428,-1.86952312959,-2.98561219157,0.5,168.455604341,393.766126248,-1.7162650226,-2.67575294831,0.0,1.02127363571e-05,-1.33690620945e-05,1.26699097957,0.0,0.150129996203,1.38485871573e-05,0.0,0.0,0.0,3.11710257652e-05
199,3.48,160.593463452,409.661905428,-1.86952312959,-2.98561219157,0.5,168.478639704,393.692637062,-1.71581599017,-2.67432041056,0.0,1.02342246431e-05,-1.29234715689e-05,1.2669913263,0.0,0.150130024504,1.38445015704e-05,0.0,0.0,0.0,3.12344504793e-05
200,3.49,160.593463452,409.661905428,-1.86952312959,-2.98561219157,0.5,168.501675046,393.619147854,-1.71536695817,-2.67288787239,0.0,1.02557606907e-05,-1.24789847498e-05,1.26699167361,0.0,0.150130050827,1.38643744069e-05,0.0,0.0,0.0,3.12949418643e-05
201,3.54,160.593463452,409.661905428,-1.86952312959,-2.98561219157,0.5,168.524710366,393.545658624,-1.71491792659,-2.6714553338,0.0,1.02773421765e-05,-1.20355995352e-05,1.26699202149,0.0,0.150130078872,1.38601579734e-05,0.0,0.0,0.0,3.13526015485e-05
202,3.58,160.593463452,409.661905428,-1.86952312959,-2.98561219157,0.5,168.547745664,393.472169373,-1.71446889544,-2.6700227948,0.0,1.02989668214e-05,-1.15933138238e-05,1.26699236989,0.0,0.150130099591,1.38628204683e-05,0.0,0.0,0.0,3.14075280723e-05
203,3.62,160.593463452,409.661905428,-1.86952312959,-2.98561219157,0.5,168.57078094,393.398680101,-1.71401986472,-2.66859025538,0.0,1.03206323893e-05,-1.11521255159e-05,1.2669927188,0.0,0.150130127386,1.3858469844e-05,0.0,0.0,0.0,3.14598170243e-05
204,3.64,160.593463452,409.661905428,-1.86952312959,-2.98561219157,0.5,168.593816194,393.325190808,-1.71357083442,-2.66715771555,0.0,1.0342336685e-05,-1.07120325114e-05,1.2669930682,0.0,0.150130156398,1.38583203637e-05,0.0,0.0,0.0,3.15095610701e-05
205,3.66,160.593463452,409.661905428,-1.86952312959,-2.98561219157,0.5,168.616851427,393.251701493,-1.71312180455,-2.66572517531,0.0,1.03640775534e-05,-1.02730327105e-05,1.26699341804,0.0,0.15013018395,1.38538323238e-05,0.0,0.0,0.0,3.15568500784e-05
206,3.68,160.593463452,409.661905428,-1.86952312959,-2.98561219157,0.5,168.639886638,393.178212158,-1.7126727751,-2.66429263466,0.0,1.03858528774e-05,-9.83512401267e-06,1.26699376833,0.0,0.150130212722,1.38535438731e-05,0.0,0.0,0.0,3.16017712458e-05
207,3.69,160.593463452,409.661905428,-1.86952312959,-2.98561219157,0.5,168.662921826,393.104722802,-1.71222374607,-2.6628600936,0.0,1.04076605774e-05,-9.39830431605e-06,1.26699411902,0.0,0.150130231499,1.38515914831e-05,0.0,0.0,0.0,3.1644409092e-05
208,3.72,160.593463452,409.661905428,-1.86952312959,-2.98561219157,0.5,168.685956994,393.031233424,-1.71177471747,-2.66142755213,0.0,1.04294986088e-05,-8.96257151745e-06,1.2669944701,0.0,0.150130260037,1.38511610363e-05,0.0,0.0,0.0,3.16848455838e-05
209,3.74,160.593463452,409.661905428,-1.86952312959,-2.98561219157,0.5,168.708992139,392.957744026,-1.7113256893,-2.65999501025,0.0,1.04513649617e-05,-8.52792351156e-06,1.26699482154,0.0,0.15013028846,1.38506585042e-05,0.0,0.0,0.0,3.17231602841e-05
210,3.75,160.593463452,409.661905428,-1.86952312959,-2.98561219157,0.5,168.732027263,392.884254607,-1.71087666154,-2.65856246797,0.0,1.04732576592e-05,-8.09435819068e-06,1.26699517334,0.0,0.150130315433,1.38458137152e-05,0.0,0.0,0.0,3.17594302798e-05
211,3.78,160.593463452,409.661905428,-1.86952312959,-2.98561219157,0.5,168.755062365,392.810765167,-1.71042763421,-2.65712992529,0.0,1.04951747563e-05,-7.66187344436e-06,1.26699552546,0.0,0.150130343631,1.38451649142e-05,0.0,0.0,0.0,3.17937303754e-05
212,3.79,160.593463452,409.661905428,-1.86952312959,-2.98561219157,0.5,168.778097445,392.737275707,-1.7099786073,-2.6556973822,0.0,1.05171143388e-05,-7.23046715876e-06,1.26699587789,0.0,0.150130361843,1.38428486409e-05,0.0,0.0,0.0,3.1826133124e-05
213,3.81,160.593463452,409.661905428,-1.86952312959,-2.98561219157,0.5,168.801132504,392.663786226,-1.70952958081,-2.65426483872,0.0,1.05390745221e-05,-6.80013721663e-06,1.26699623061,0.0,0.150130389823,1.38420509047e-05,0.0,0.0,0.0,3.18567089057e-05
214,3.83,160.593463452,409.661905428,-1.86952312959,-2.98561219157,0.5,168.824167542,392.590296725,-1.70908055475,-2.65283229483,0.0,1.05610534505e-05,-6.3708814968e-06,1.26699658361,0.0,0.150130416358,1.38369082753e-05,0.0,0.0,0.0,3.18855259218e-05
215,3.85,160.593463452,409.661905428,-1.86952312959,-2.98561219157,0.5,168.847202557,392.516807203,-1.7086315291,-2.65139975054,0.0,1.05830492958e-05,-5.94269787326e-06,1.26699693686,0.0,0.150130444124,1.3835959083e-05,0.0,0.0,0.0,3.19126503856e-05
216,3.87,160.593463452,409.661905428,-1.86952312959,-2.98561219157,0.5,168.870237551,392.443317661,-1.70818250387,-2.64996720586,0.0,1.06050602566e-05,-5.51558421586e-06,1.26699729035,0.0,0.150130470449,1.38306637975e-05,0.0,0.0,0.0,3.19381464801e-05
217,3.91,160.593463452,409.661905428,-1.86952312959,-2.98561219157,0.5,168.893272524,392.369828098,-1.70773347907,-2.64853466078,0.0,1.06270845571e-05,-5.08953838897e-06,1.26699764407,0.0,0.150130489469,1.3832236907e-05,0.0,0.0,0.0,3.19620764838e-05
218,3.94,160.593463452,409.661905428,-1.86952312959,-2.98561219157,0.5,168.916307475,392.296338515,-1.70728445468,-2.64710211531,0.0,1.06491204468e-05,-4.66455825191e-06,1.266997998,0.0,0.150130515589,1.38267866704e-05,0.0,0.0,0.0,3.19845007731e-05
219,3.96,160.593463452,409.661905428,-1.86952312959,-2.98561219157,0.5,168.939342405,392.222848912,-1.70683543071,-2.64566956944,0.0,1.06711661989e-05,-4.2406416582e-06,1.26699835212,0.0,0.150130542947,1.38255276249e-05,0.0,0.0,0.0,3.20054779185e-05
220,3.98,160.593463452,409.661905428,-1.86952312959,-2.98561219157,0.5,168.962377313,392.149359289,-1.70638640716,-2.64423702318,0.0,1.06932201101e-05,-3.81778645541e-06,1.26699870643,0.0,0.150130565682,1.38396743309e-05,0.0,0.0,0.0,3.20250647557e-05
221,3.99,160.593463452,409.661905428,-1.86952312959,-2.98561219157,0.5,168.985412199,392.075869646,-1.70593738403,-2.64280447653,0.0,1.07152804996e-05,-3.39599048463e-06,1.2669990609,0.0,0.150130592843,1.38382572116e-05,0.0,0.0,0.0,3.20433163268e-05
222,4.02,160.593463452,409.661905428,-1.86952312959,-2.98561219157,0.5,169.008447065,392.002379983,-1.70548836131,-2.64137192949,0.0,1.07373457084e-05,-2.97525158053e-06,1.26699941553,0.0,0.150130618571,1.38324908636e-05,0.0,0.0,0.0,3.20602860968e-05
223,4.05,160.593463452,409.661905428,-1.86952312959,-2.98561219157,0.5,169.031481909,391.9288903,-1.70503933901,-2.63993938206,0.0,1.07594140987e-05,-2.55556757088e-06,1.2669997703,0.0,0.150130645542,1.38309137857e-05,0.0,0.0,0.0,3.20760259222e-05
224,4.05,160.593463452,409.661905428,-1.86952312959,-2.98561219157,0.5,169.054516731,391.855400597,-1.70459031713,-2.63850683424,0.0,1.07814840529e-05,-2.13693627627e-06,1.26700012521,0.0,0.150130663881,1.3831932184e-05,0.0,0.0,0.0,3.20905860091e-05
225,4.07,160.593463452,409.661905428,-1.86952312959,-2.98561219157,0.5,169.077551533,391.781910874,-1.70414129566,-2.63707428604,0.0,1.08035539736e-05,-1.71935551028e-06,1.26700048024,0.0,0.150130689329,1.38259239512e-05,0.0,0.0,0.0,3.21040151434e-05
226,4.09,160.593463452,409.661905428,-1.86952312959,-2.98561219157,0.5,169.100586313,391.708421131,-1.70369227461,-2.63564173745,0.0,1.08256222823e-05,-1.30282307827e-06,1.26700083537,0.0,0.150130716024,1.38241037701e-05,0.0,0.0,0.0,3.21163605451e-05
227,4.12,160.593463452,409.661905428,-1.86952312959,-2.98561219157,0.5,169.123621072,391.634931369,-1.70324325397,-2.63420918847,0.0,1.08476874193e-05,-8.87336778211e-07,1.26700119061,0.0,0.150130741292,1.38179323104e-05,0.0,0.0,0.0,3.21276680925e-05
228,4.14,160.593463452,409.661905428,-1.86952312959,-2.98561219157,0.5,169.146655809,391.561441587,-1.70279423374,-2.63277663912,0.0,1.0869747843e-05,-4.72894399666e-07,1.26700154594,0.0,0.15013076781,1.3815948203e-05,0.0,0.0,0.0,3.21379822331e-05
229,4.15,160.593463452,409.661905428,-1.86952312959,-2.98561219157,0.5,169.169690526,391.487951785,-1.70234521393,-2.63134408938,0.0,1.08918020294e-05,-5.94937241739e-08,1.26700190135,0.0,0.150130784364,1.38122882458e-05,0.0,0.0,0.0,3.21473461035e-05
230,4.16,160.593463452,409.661905428,-1.86952312959,-2.98561219157,0.5,169.192725221,391.414461964,-1.70189619453,-2.62991153926,0.0,1.09138484717e-05,3.52867475417e-07,1.26700225683,0.0,0.15013081071,1.38101389218e-05,0.0,0.0,0.0,3.21558014407e-05
231,4.18,160.593463452,409.661905428,-1.86952312959,-2.98561219157,0.5,169.215759895,391.340972123,-1.70144717554,-2.62847898876,0.0,1.09358856795e-05,7.64191434876e-07,1.26700261237,0.0,0.150130835634,1.3803637076e-05,0.0,0.0,0.0,3.21633887991e-05
232,4.19,160.593463452,409.661905428,-1.86952312959,-2.98561219157,0.5,169.238794548,391.267482263,-1.70099815696,-2.62704643788,0.0,1.0957912179e-05,1.17448039879e-06,1.26700296797,0.0,0.150130861814,1.3801321432e-05,0.0,0.0,0.0,3.21701475099e-05
233,4.21,160.593463452,409.661905428,-1.86952312959,-2.98561219157,0.5,169.26182918,391.193992384,-1.70054913879,-2.62561388662,0.0,1.0979926512e-05,1.58373662106e-06,1.26700332362,0.0,0.150130887911,1.37989222651e-05,0.0,0.0,0.0,3.21761156265e-05
234,4.25,160.593463452,409.661905428,-1.86952312959,-2.98561219157,0.5,169.284863791,391.120502485,-1.70010012103,-2.62418133499,0.0,1.10019272358e-05,1.99196236462e-06,1.26700367931,0.0,0.150130904052,1.37948459592e-05,0.0,0.0,0.0,3.21813301091e-05
235,4.27,160.593463452,409.661905428,-1.86952312959,-2.98561219157,0.5,169.307898381,391.047012567,-1.69965110369,-2.62274878298,0.0,1.10239129226e-05,2.39915990195e-06,1.26700403503,0.0,0.150130929991,1.37922791399e-05,0.0,0.0,0.0,3.21858267783e-05
236,4.28,160.593463452,409.661905428,-1.86952312959,-2.98561219157,0.5,169.33093295,390.97352263,-1.69920208675,-2.6213162306,0.0,1.10458821596e-05,2.8053315148e-06,1.26700439077,0.0,0.150130954514,1.37853587442e-05,0.0,0.0,0.0,3.21896403181e-05
237,4.3,160.593463452,409.661905428,-1.86952312959,-2.98561219157,0.5,169.353967498,390.900032673,-1.69875307021,-2.61988367784,0.0,1.10678335484e-05,3.21047949491e-06,1.26700474654,0.0,0.150130980299,1.37826236103e-05,0.0,0.0,0.0,3.21928043643e-05
238,4.33,160.593463452,409.661905428,-1.86952312959,-2.98561219157,0.5,169.377002025,390.826542698,-1.69830405409,-2.61845112471,0.0,1.10897657045e-05,3.6146061438e-06,1.26700510231,0.0,0.150130996132,1.37782107082e-05,0.0,0.0,0.0,3.21953515406e-05
239,4.38,160.593463452,409.661905428,-1.86952312959,-2.98561219157,0.5,169.400036531,390.753052703,-1.69785503837,-2.61701857121,0.0,1.11116772573e-05,4.01771377252e-06,1.2670054581,0.0,0.150131021768,1.37753067841e-05,0.0,0.0,0.0,3.21973134683e-05
240,4.4,160.593463452,409.661905428,-1.86952312959,-2.98561219157,0.5,169.423071017,390.679562689,-1.69740602306,-2.61558601734,0.0,1.113356685e-05,4.41980470282e-06,1.26700581389,0.0,0.150131045993,1.37680488466e-05,0.0,0.0,0.0,3.2198720739e-05
241,4.42,160.593463452,409.661905428,-1.86952312959,-2.98561219157,0.5,169.446105481,390.606072657,-1.69695700816,-2.61415346309,0.0,1.11554331388e-05,4.82088126639e-06,1.26700616968,0.0,0.150131071485,1.3764975838e-05,0.0,0.0,0.0,3.21996030326e-05
242,4.45,160.593463452,409.661905428,-1.86952312959,-2.98561219157,0.5,169.469139925,390.532582605,-1.69650799366,-2.61272090848,0.0,1.11772747933e-05,5.22094580485e-06,1.26700652545,0.0,0.150131095568,1.3757548732e-05,0.0,0.0,0.0,3.21999891027e-05
243,4.47,160.593463452,409.661905428,-1.86952312959,-2.98561219157,0.5,169.492174348,390.459092535,-1.69605897956,-2.6112883535,0.0,1.11990904959e-05,5.6200006707e-06,1.26700688122,0.0,0.150131112382,1.37569825829e-05,0.0,0.0,0.0,3.21999067722e-05
244,4.47,160.593463452,409.661905428,-1.86952312959,-2.98561219157,0.5,169.515208751,390.385602445,-1.69560996587,-2.60985579816,0.0,1.12208789416e-05,6.01804822647e-06,1.26700723697,0.0,0.150131137667,1.37536557899e-05,0.0,0.0,0.0,3.21993830589e-05
245,4.5,160.593463452,409.661905428,-1.86952312959,-2.98561219157,0.5,169.538243133,390.312112337,-1.69516095258,-2.60842324244,0.0,1.12426388382e-05,6.41509084547e-06,1.2670075927,0.0,0.150131161548,1.37459749521e-05,0.0,0.0,0.0,3.21984440657e-05
246,4.52,160.593463452,409.661905428,-1.86952312959,-2.98561219157,0.5,169.561277494,390.238622211,-1.69471193969,-2.60699068637,0.0,1.12643689055e-05,6.8111309114e-06,1.2670079484,0.0,0.150131186701,1.37424791402e-05,0.0,0.0,0.0,3.21971150755e-05
247,4.55,160.593463452,409.661905428,-1.86952312959,-2.98561219157,0.5,169.584311834,390.165132065,-1.69426292721,-2.60555812992,0.0,1.12860678761e-05,7.20617081869e-06,1.26700830407,0.0,0.150131210452,1.37346294321e-05,0.0,0.0,0.0,3.21954206058e-05
248,4.57,160.593463452,409.661905428,-1.86952312959,-2.98561219157,0.5,169.607346154,390.091641901,-1.69381391513,-2.60412557312,0.0,1.13077344942e-05,7.60021297245e-06,1.26700865972,0.0,0.150131226939,1.37336409986e-05,0.0,0.0,0.0,3.21933843848e-05
249,4.6,160.593463452,409.661905428,-1.86952312959,-2.98561219157,0.5,169.630380453,390.018151718,-1.69336490344,-2.60269301595,0.0,1.13293675161e-05,7.99325978863e-06,1.26700901533,0.0,0.150131250566,1.37256228588e-05,0.0,0.0,0.0,3.21910293454e-05
250,4.61,160.593463452,409.661905428,-1.86952312959,-2.98561219157,0.5,169.653414732,389.944661517,-1.69291589216,-2.60126045842,0.0,1.13509657104e-05,8.38531369368e-06,1.2670093709,0.0,0.150131275469,1.37217902407e-05,0.0,0.0,0.0,3.21883777118e-05
251,4.63,160.593463452,409.661905428,-1.86952312959,-2.98561219157,0.5,169.676448991,389.871171297,-1.69246688127,-2.59982790053,0.0,1.1372527857e-05,8.77637712506e-06,1.26700972643,0.0,0.150131298976,1.37136043014e-05,0.0,0.0,0.0,3.21854509649e-05
252,4.66,160.593463452,409.661905428,-1.86952312959,-2.98561219157,0.5,169.699483229,389.797681059,-1.69201787079,-2.59839534228,0.0,1.13940527479e-05,9.16645253096e-06,1.26701008191,0.0,0.150131323762,1.37096042671e-05,0.0,0.0,0.0,3.21822699117e-05
253,4.68,160.593463452,409.661905428,-1.86952312959,-2.98561219157,0.5,169.722517446,389.724190802,-1.6915688607,-2.59696278366,0.0,1.14155391865e-05,9.55554237024e-06,1.26701043736,0.0,0.150131339952,1.3708196884e-05,0.0,0.0,0.0,3.2178854651e-05
254,4.7,160.593463452,409.661905428,-1.86952312959,-2.98561219157,0.5,169.745551643,389.650700527,-1.69111985101,-2.59553022469,0.0,1.1436985988e-05,9.94364911305e-06,1.26701079275,0.0,0.150131363287,1.36997608173e-05,0.0,0.0,0.0,3.2175224651e-05
255,4.72,160.593463452,409.661905428,-1.86952312959,-2.98561219157,0.5,169.76858582,389.577210233,-1.69067084171,-2.59409766537,0.0,1.14583919792e-05,1.03307752399e-05,1.2670111481,0.0,0.150131387905,1.36955114037e-05,0.0,0.0,0.0,3.21713986707e-05
256,4.73,160.593463452,409.661905428,-1.86952312959,-2.98561219157,0.5,169.791619977,389.503719922,-1.69022183282,-2.59266510568,0.0,1.14797559981e-05,1.07169232423e-05,1.26701150339,0.0,0.150131411131,1.36869099038e-05,0.0,0.0,0.0,3.21673949309e-05
257,4.75,160.593463452,409.661905428,-1.86952312959,-2.98561219157,0.5,169.814654113,389.430229591,-1.68977282431,-2.59123254564,0.0,1.15010768949e-05,1.11020956224e-05,1.26701185863,0.0,0.150131435643,1.36824956684e-05,0.0,0.0,0.0,3.21632309651e-05
258,4.77,160.593463452,409.661905428,-1.86952312959,-2.98561219157,0.5,169.837688229,389.356739243,-1.6893238162,-2.58979998524,0.0,1.15223535305e-05,1.14862948933e-05,1.26701221382,0.0,0.150131450226,1.3676406032e-05,0.0,0.0,0.0,3.21589237052e-05
259,4.8,160.593463452,409.661905428,-1.86952312959,-2.98561219157,0.5,169.860722325,389.283248877,-1.68887480849,-2.58836742449,0.0,1.1543584778e-05,1.18695235789e-05,1.26701256895,0.0,0.150131474636,1.36718283345e-05,0.0,0.0,0.0,3.21544895816e-05
260,4.82,160.593463452,409.661905428,-1.86952312959,-2.98561219157,0.5,169.8837564,389.209758492,-1.68842580117,-2.58693486339,0.0,1.15647695215e-05,1.22517842135e-05,1.26701292403,0.0,0.150131497658,1.36628999516e-05,0.0,0.0,0.0,3.21499443898e-05
261,4.83,160.593463452,409.661905428,-1.86952312959,-2.98561219157,0.5,169.906790456,389.136268089,-1.68797679424,-2.58550230193,0.0,1.15859066571e-05,1.26330793422e-05,1.26701327905,0.0,0.15013152197,1.36581603364e-05,0.0,0.0,0.0,3.21453033804e-05
262,4.84,160.593463452,409.661905428,-1.86952312959,-2.98561219157,0.5,169.929824491,389.062777668,-1.6875277877,-2.58406974012,0.0,1.16069950921e-05,1.30134115209e-05,1.26701363401,0.0,0.150131544898,1.36490708678e-05,0.0,0.0,0.0,3.21405812914e-05
263,4.88,160.593463452,409.661905428,-1.86952312959,-2.98561219157,0.5,169.952858506,388.989287229,-1.68707878156,-2.58263717795,0.0,1.16280337454e-05,1.33927833155e-05,1.26701398891,0.0,0.150131560577,1.36468470561e-05,0.0,0.0,0.0,3.21357923076e-05
264,4.91,160.593463452,409.661905428,-1.86952312959,-2.98561219157,0.5,169.975659986,388.915740956,-1.68663430827,-2.58120352741,0.0,9.28412395575e-06,5.90762727536e-06,1.26702278994,0.0,0.150097037818,0.000484789991648,0.0,0.0,0.0,0.000886809380064
265,4.92,160.593463452,409.661905428,-1.86952312959,-2.98561219157,0.5,169.998684958,388.84227661,-1.6861854784,-2.57977147387,0.0,1.2899008274e-05,1.29334897524e-05,1.26702312153,0.0,0.150077529257,1.40325358468e-05,0.0,0.0,0.0,3.03864841984e-05
266,4.94,160.593463452,409.661905428,-1.86952312959,-2.98561219157,0.5,170.021545728,388.768743525,-1.68573984935,-2.57833808041,0.0,1.06998023133e-05,5.26812447911e-06,1.26703096124,0.0,0.150107109378,0.00036514629296,0.0,0.0,0.0,0.000790585496576
267,4.98,160.593463452,409.661905428,-1.86952312959,-2.98561219157,0.5,170.044611943,388.695290613,-1.68529021553,-2.57690624977,0.0,1.51365907856e-05,1.37715623393e-05,1.26703069667,0.0,0.150080281283,-7.06044010796e-05,0.0,0.0,0.0,-2.89821598636e-05
268,5.0,160.593463452,409.661905428,-1.86952312959,-2.98561219157,0.5,170.067514013,388.621764047,-1.68484378143,-2.57547298338,0.0,1.19194582265e-05,4.84527490565e-06,1.26703776533,0.0,0.150119079596,0.000283272918139,0.0,0.0,0.0,0.000713400353248
269,5.06,160.593463452,409.661905428,-1.86952312959,-2.98561219157,0.5,170.090421649,388.548261146,-1.68439723882,-2.57404017828,0.0,1.21270467583e-05,2.44700300289e-06,1.26704420907,0.0,0.15007806183,0.000258429986352,0.0,0.0,0.0,0.00065113475566
270,5.08,160.593463452,409.661905428,-1.86952312959,-2.98561219157,0.5,170.113360206,388.474767055,-1.68395009346,-2.57260754492,0.0,1.31455982465e-05,2.25649532626e-06,1.26704999271,0.0,0.150079706109,0.000194737502328,0.0,0.0,0.0,0.000585065637866
271,5.11,160.593463452,409.661905428,-1.86952312959,-2.98561219157,0.5,170.136324224,388.401277311,-1.68350245178,-2.57117499631,0.0,1.41527929733e-05,2.13251701494e-06,1.26705522232,0.0,0.150086472633,0.000143934377058,0.0,0.0,0.0,0.000529615325242
272,5.11,160.593463452,409.661905428,-1.86952312959,-2.98561219157,0.5,170.159305088,388.327791209,-1.68305448172,-2.56974251869,0.0,1.50078474278e-05,1.95421542768e-06,1.26706001611,0.0,0.150089525811,0.000109684220328,0.0,0.0,0.0,0.000485973888546
273,5.14,160.593463452,409.661905428,-1.86952312959,-2.98561219157,0.5,170.182297193,388.254307865,-1.68260629253,-2.56831009484,0.0,1.5686147673e-05,1.81254221888e-06,1.26706445012,0.0,0.15009094935,8.64495220498e-05,0.0,0.0,0.0,0.000449927941927
274,5.16,160.593463452,409.661905428,-1.86952312959,-2.98561219157,0.5,170.205296989,388.180826392,-1.68215795344,-2.56687770745,0.0,1.62119962593e-05,1.71444486078e-06,1.2670685796,0.0,0.150091958384,7.03974000172e-05,0.0,0.0,0.0,0.000419402986669
275,5.2,160.593463452,409.661905428,-1.86952312959,-2.98561219157,0.5,170.228302144,388.107346174,-1.68170950986,-2.56544534453,0.0,1.66167988891e-05,1.64307317684e-06,1.26707244936,0.0,0.150092751528,5.90991786129e-05,0.0,0.0,0.0,0.000393359406135
276,5.22,160.593463452,409.661905428,-1.86952312959,-2.98561219157,0.5,170.251311093,388.033866819,-1.68126099234,-2.56401299842,0.0,1.69256444056e-05,1.58717919531e-06,1.26707609635,0.0,0.150093365002,5.09653165013e-05,0.0,0.0,0.0,0.000371010139712
277,5.23,160.593463452,409.661905428,-1.86952312959,-2.98561219157,0.5,170.274322756,387.960388066,-1.68081242191,-2.56258066406,0.0,1.71576830972e-05,1.54137803352e-06,1.2670795508,0.0,0.150093827714,4.5035398679e-05,0.0,0.0,0.0,0.000351687529253
278,5.25,160.593463452,409.661905428,-1.86952312959,-2.98561219157,0.5,170.29733638,387.886909739,-1.68036381325,-2.56114833799,0.0,1.73280298355e-05,1.50297259417e-06,1.26708283743,0.0,0.150094191426,4.06444998332e-05,0.0,0.0,0.0,0.000334839019817
279,5.29,160.593463452,409.661905428,-1.86952312959,-2.98561219157,0.5,170.32035143,387.813431712,-1.6799151768,-2.55971601778,0.0,1.74488250736e-05,1.47048894319e-06,1.26708597648,0.0,0.150094465798,3.73267337909e-05,0.0,0.0,0.0,0.000320016430984
280,5.32,160.593463452,409.661905428,-1.86952312959,-2.98561219157,0.5,170.343367519,387.739953898,-1.6794665201,-2.55828370171,0.0,1.75298366737e-05,1.44312776697e-06,1.26708898456,0.0,0.150094679526,3.48111065032e-05,0.0,0.0,0.0,0.000306858439511
281,5.33,160.593463452,409.661905428,-1.86952312959,-2.98561219157,0.5,170.366384366,387.666476233,-1.67901784861,-2.55685138855,0.0,1.75789102503e-05,1.42048393957e-06,1.2670918754,0.0,0.150094843931,3.28798314155e-05,0.0,0.0,0.0,0.000295074248253
282,5.36,160.593463452,409.661905428,-1.86952312959,-2.98561219157,0.5,170.389401765,387.592998673,-1.67856916638,-2.55541907744,0.0,1.76023406519e-05,1.40236950846e-06,1.26709466036,0.0,0.150094975316,3.13741808332e-05,0.0,0.0,0.0,0.000284430047089
283,5.39,160.593463452,409.661905428,-1.86952312959,-2.98561219157,0.5,170.412419559,387.519521184,-1.67812047644,-2.55398676772,0.0,1.76051761397e-05,1.38870475557e-06,1.26709734896,0.0,0.150095069045,3.01785678586e-05,0.0,0.0,0.0,0.000274737916768
284,5.42,160.593463452,409.661905428,-1.86952312959,-2.98561219157,0.5,170.435437632,387.446043743,-1.67767178105,-2.55255445893,0.0,1.75914642521e-05,1.37945558574e-06,1.26709994917,0.0,0.150095153611,2.92282918843e-05,0.0,0.0,0.0,0.000265846757076
285,5.43,160.593463452,409.661905428,-1.86952312959,-2.98561219157,0.5,170.458455897,387.372566332,-1.67722308193,-2.55112215072,0.0,1.75644496745e-05,1.37459952703e-06,1.26710246778,0.0,0.150095208101,2.84752567503e-05,0.0,0.0,0.0,0.000257634920432
286,5.46,160.593463452,409.661905428,-1.86952312959,-2.98561219157,0.5,170.481474285,387.299088937,-1.6767743804,-2.54968984283,0.0,1.75267333123e-05,1.37410847836e-06,1.26710491058,0.0,0.150095253263,2.78724147482e-05,0.0,0.0,0.0,0.000250004271841
287,5.49,160.593463452,409.661905428,-1.86952312959,-2.98561219157,0.5,170.504492746,387.225611548,-1.67632567747,-2.54825753506,0.0,1.74804000738e-05,1.3779410346e-06,1.26710728256,0.0,0.150095285303,2.73671011542e-05,0.0,0.0,0.0,0.000242875424031
288,5.51,160.593463452,409.661905428,-1.86952312959,-2.98561219157,0.5,170.527511239,387.152134159,-1.6758769739,-2.54682522727,0.0,1.74271214355e-05,1.38604014664e-06,1.2671095881,0.0,0.150095309184,2.6944106962e-05,0.0,0.0,0.0,0.000236183929348
289,5.53,160.593463452,409.661905428,-1.86952312959,-2.98561219157,0.5,170.550529734,387.078656763,-1.6754282703,-2.54539291936,0.0,1.73682377069e-05,1.39833360572e-06,1.26711183102,0.0,0.150095326211,2.66135704519e-05,0.0,0.0,0.0,0.000229877244294
290,5.55,160.593463452,409.661905428,-1.86952312959,-2.98561219157,0.5,170.573548207,387.005179357,-1.67497956711,-2.54396061125,0.0,1.73048239767e-05,1.41473588436e-06,1.26711401473,0.0,0.150095333007,2.6316168964e-05,0.0,0.0,0.0,0.000223912314279
291,5.57,160.593463452,409.661905428,-1.86952312959,-2.98561219157,0.5,170.596566641,386.931701937,-1.67453086469,-2.54252830287,0.0,1.72377429532e-05,1.4351504973e-06,1.26711614227,0.0,0.150095338758,2.60667165982e-05,0.0,0.0,0.0,0.000218253654719
292,5.6,160.593463452,409.661905428,-1.86952312959,-2.98561219157,0.5,170.619585022,386.858224502,-1.67408216331,-2.5410959942,0.0,1.71676872913e-05,1.45947242837e-06,1.2671182164,0.0,0.150095337202,2.58637692197e-05,0.0,0.0,0.0,0.000212871827356
293,5.61,160.593463452,409.661905428,-1.86952312959,-2.98561219157,0.5,170.642603339,386.78474705,-1.67363346317,-2.53966368519,0.0,1.70952134861e-05,1.48759038822e-06,1.26712023964,0.0,0.150095332283,2.56810443864e-05,0.0,0.0,0.0,0.000207742231299
294,5.63,160.593463452,409.661905428,-1.86952312959,-2.98561219157,0.5,170.665621585,386.71126958,-1.67318476442,-2.53823137583,0.0,1.70207690102e-05,1.51938880233e-06,1.26712221429,0.0,0.150095324609,2.55134413612e-05,0.0,0.0,0.0,0.000202844143729
295,5.65,160.593463452,409.661905428,-1.86952312959,-2.98561219157,0.5,170.688639754,386.637792091,-1.67273606718,-2.53679906611,0.0,1.69447140349e-05,1.55474949889e-06,1.26712414247,0.0,0.150095320021,2.53740484241e-05,0.0,0.0,0.0,0.000198159958832
296,5.66,160.593463452,409.661905428,-1.86952312959,-2.98561219157,0.5,170.711657841,386.564314583,-1.67228737153,-2.53536675601,0.0,1.68673388171e-05,1.59355310469e-06,1.26712602616,0.0,0.150095313569,2.52426737748e-05,0.0,0.0,0.0,0.000193674583505
297,5.67,160.593463452,409.661905428,-1.86952312959,-2.98561219157,0.5,170.734675843,386.490837057,-1.67183867752,-2.53393444555,0.0,1.67888776135e-05,1.63568017522e-06,1.26712786722,0.0,0.150095302388,2.51366308092e-05,0.0,0.0,0.0,0.000189374957524
298,5.69,160.593463452,409.661905428,-1.86952312959,-2.98561219157,0.5,170.75769376,386.417359511,-1.67138998519,-2.53250213471,0.0,1.6709519814e-05,1.68101209359e-06,1.26712966736,0.0,0.15009528993,2.5034270793e-05,0.0,0.0,0.0,0.00018524967219
299,5.72,160.593463452,409.661905428,-1.86952312959,-2.98561219157,0.5,170.780711588,386.343881946,-1.67094129458,-2.53106982351,0.0,1.66294188529e-05,1.72943177398e-06,1.26713142824,0.0,0.150095275073,2.49298463054e-05,0.0,0.0,0.0,0.000181288666831
300,5.75,160.593463452,409.661905428,-1.86952312959,-2.98561219157,0.5,170.803729328,386.270404362,-1.67049260568,-2.52963751194,0.0,1.65486993375e-05,1.78082420019e-06,1.26713315139,0.0,0.150095257475,2.48504969391e-05,0.0,0.0,0.0,0.000177482987023
301,5.77,160.593463452,409.661905428,-1.86952312959,-2.98561219157,0.5,170.82674698,386.19692676,-1.67004391851,-2.52820520001,0.0,1.64674627532e-05,1.83507683102e-06,1.26713483827,0.0,0.150095237797,2.47670517493e-05,0.0,0.0,0.0,0.000173824591943
302,5.78,160.593463452,409.661905428,-1.86952312959,-2.98561219157,0.5,170.849764544,386.123449141,-1.66959523307,-2.52677288773,0.0,1.63857920286e-05,1.89207989595e-06,1.26713649028,0.0,0.150095227366,2.46846964736e-05,0.0,0.0,0.0,0.000170306200109
303,5.8,160.593463452,409.661905428,-1.86952312959,-2.98561219157,0.5,170.872782019,386.049971503,-1.66914654934,-2.52534057511,0.0,1.63037551881e-05,1.95172660364e-06,1.26713810875,0.0,0.150095207867,2.46039946871e-05,0.0,0.0,0.0,0.00016692116604
304,5.83,160.593463452,409.661905428,-1.86952312959,-2.98561219157,0.5,170.895799407,385.976493848,-1.66869786731,-2.52390826215,0.0,1.62214082756e-05,2.01391327945e-06,1.26713969493,0.0,0.15009519193,2.45346923993e-05,0.0,0.0,0.0,0.000163663381274
305,5.84,160.593463452,409.661905428,-1.86952312959,-2.98561219157,0.5,170.918816709,385.903016177,-1.66824918697,-2.52247594887,0.0,1.6138797694e-05,2.07853944832e-06,1.26714125005,0.0,0.150095175609,2.44636980359e-05,0.0,0.0,0.0,0.000160527194604
306,5.86,160.593463452,409.661905428,-1.86952312959,-2.98561219157,0.5,170.941833924,385.829538489,-1.6678005083,-2.52104363526,0.0,1.60559620782e-05,2.14550787329e-06,1.26714277524,0.0,0.150095151758,2.4397748273e-05,0.0,0.0,0.0,0.00015750734778
307,5.9,160.593463452,409.661905428,-1.86952312959,-2.98561219157,0.5,170.964851055,385.756060785,-1.66735183128,-2.51961132135,0.0,1.59729337946e-05,2.21472455998e-06,1.26714427163,0.0,0.150095134827,2.43228150159e-05,0.0,0.0,0.0,0.000154598923284
308,5.9,160.593463452,409.661905428,-1.86952312959,-2.98561219157,0.5,170.987868103,385.682583066,-1.66690315589,-2.51817900714,0.0,1.58897401419e-05,2.2860987351e-06,1.26714574027,0.0,0.150095114462,2.42654949532e-05,0.0,0.0,0.0,0.00015179730196
309,5.92,160.593463452,409.661905428,-1.86952312959,-2.98561219157,0.5,171.010885068,385.609105332,-1.66645448211,-2.51674669263,0.0,1.58064043126e-05,2.35954280483e-06,1.26714718219,0.0,0.150095095223,2.42102518723e-05,0.0,0.0,0.0,0.000149098128257
310,5.95,160.593463452,409.661905428,-1.86952312959,-2.98561219157,0.5,171.033901951,385.535627583,-1.66600580993,-2.51531437784,0.0,1.57229461643e-05,2.4349722971e-06,1.26714859835,0.0,0.150095083003,2.41458479217e-05,0.0,0.0,0.0,0.000146497281685
311,5.97,160.593463452,409.661905428,-1.86952312959,-2.98561219157,0.5,171.056918753,385.46214982,-1.66555713932,-2.51388206276,0.0,1.56393828372e-05,2.51230579403e-06,1.2671499897,0.0,0.150095062087,2.40818951854e-05,0.0,0.0,0.0,0.0001439908532
312,5.99,160.593463452,409.661905428,-1.86952312959,-2.98561219157,0.5,171.079935476,385.388672043,-1.66510847025,-2.51244974742,0.0,1.555572925e-05,2.59146485531e-06,1.26715135713,0.0,0.150095037843,2.40354822387e-05,0.0,0.0,0.0,0.000141575125519
313,6.01,160.593463452,409.661905428,-1.86952312959,-2.98561219157,0.5,171.102952121,385.315194252,-1.66465980272,-2.51101743182,0.0,1.54719984975e-05,2.67237393587e-06,1.26715270152,0.0,0.150095022017,2.39842136255e-05,0.0,0.0,0.0,0.00013924655668
314,6.02,160.593463452,409.661905428,-1.86952312959,-2.98561219157,0.5,171.125968688,385.241716449,-1.66421113669,-2.50958511596,0.0,1.53882021707e-05,2.75496030094e-06,1.2671540237,0.0,0.150095006088,2.39307996284e-05,0.0,0.0,0.0,0.000137001765964
315,6.04,160.593463452,409.661905428,-1.86952312959,-2.98561219157,0.5,171.148985179,385.168238632,-1.66376247215,-2.50815279985,0.0,1.53043506136e-05,2.83915393798e-06,1.26715532446,0.0,0.150094981531,2.38779577748e-05,0.0,0.0,0.0,0.000134837522065
316,6.05,160.593463452,409.661905428,-1.86952312959,-2.98561219157,0.5,171.172001594,385.094760804,-1.66331380909,-2.5067204835,0.0,1.522045313e-05,2.92488746767e-06,1.26715660458,0.0,0.150094965433,2.38203900488e-05,0.0,0.0,0.0,0.000132750732807
317,6.07,160.593463452,409.661905428,-1.86952312959,-2.98561219157,0.5,171.195017935,385.021282963,-1.66286514747,-2.50528816692,0.0,1.51365181509e-05,3.01209605574e-06,1.2671578648,0.0,0.150094940731,2.37634963146e-05,0.0,0.0,0.0,0.000130738436172
318,6.08,160.593463452,409.661905428,-1.86952312959,-2.98561219157,0.5,171.218034202,384.94780511,-1.66241648729,-2.5038558501,0.0,1.50525533691e-05,3.10071732463e-06,1.26715910583,0.0,0.15009492132,2.37217330767e-05,0.0,0.0,0.0,0.000128797792544
319,6.1,160.593463452,409.661905428,-1.86952312959,-2.98561219157,0.5,171.241050397,384.874327246,-1.66196782852,-2.50242353306,0.0,1.49685658487e-05,3.19069126661e-06,1.26716032835,0.0,0.15009490186,2.36780816452e-05,0.0,0.0,0.0,0.00012692607781
320,6.12,160.593463452,409.661905428,-1.86952312959,-2.98561219157,0.5,171.26406652,384.800849371,-1.66151917114,-2.5009912158,0.0,1.48845621133e-05,3.28196015935e-06,1.26716153302,0.0,0.150094881023,2.36283301377e-05,0.0,0.0,0.0,0.000125120677125
321,6.15,160.593463452,409.661905428,-1.86952312959,-2.98561219157,0.5,171.287082573,384.727371485,-1.66107051515,-2.49955889833,0.0,1.48005482188e-05,3.37446848143e-06,1.26716272048,0.0,0.150094861491,2.35810729685e-05,0.0,0.0,0.0,0.000123379079324
322,6.17,160.593463452,409.661905428,-1.86952312959,-2.98561219157,0.5,171.310098555,384.653893588,-1.66062186052,-2.49812658066,0.0,1.47165298118e-05,3.46816283235e-06,1.26716389134,0.0,0.150094841933,2.3532097765e-05,0.0,0.0,0.0,0.000121698871922
323,6.19,160.593463452,409.661905428,-1.86952312959,-2.98561219157,0.5,171.333114468,384.58041568,-1.66017320724,-2.49669426278,0.0,1.46325121785e-05,3.56299185316e-06,1.26716504618,0.0,0.150094822355,2.3481460107e-05,0.0,0.0,0.0,0.000120077736481
324,6.21,160.593463452,409.661905428,-1.86952312959,-2.98561219157,0.5,171.356130313,384.506937763,-1.6597245553,-2.4952619447,0.0,1.45485002847e-05,3.65890615022e-06,1.26716618557,0.0,0.15009480811,2.34462895856e-05,0.0,0.0,0.0,0.000118513444273
325,6.24,160.593463452,409.661905428,-1.86952312959,-2.98561219157,0.5,171.379146091,384.433459836,-1.65927590467,-2.49382962643,0.0,1.44644988084e-05,3.75585822102e-06,1.26716731005,0.0,0.150094787173,2.33882205482e-05,0.0,0.0,0.0,0.00011700385247
326,6.29,160.593463452,409.661905428,-1.86952312959,-2.98561219157,0.5,171.402161801,384.359981899,-1.65882725534,-2.49239730797,0.0,1.43805121679e-05,3.85380238282e-06,1.26716842014,0.0,0.150094764378,2.33526660639e-05,0.0,0.0,0.0,0.000115546900269
327,6.3,160.593463452,409.661905428,-1.86952312959,-2.98561219157,0.5,171.425177445,384.286503952,-1.6583786073,-2.49096498933,0.0,1.42965445445e-05,3.95269470278e-06,1.26716951636,0.0,0.150094741585,2.33156592224e-05,0.0,0.0,0.0,0.000114140605628
328,6.32,160.593463452,409.661905428,-1.86952312959,-2.98561219157,0.5,171.448193024,384.213025997,-1.65792996054,-2.4895326705,0.0,1.42125999031e-05,4.05249293264e-06,1.26717059917,0.0,0.150094725998,2.32703066927e-05,0.0,0.0,0.0,0.000112783061869
329,6.34,160.593463452,409.661905428,-1.86952312959,-2.98561219157,0.5,171.471208538,384.139548032,-1.65748131505,-2.4881003515,0.0,1.41286820078e-05,4.15315644267e-06,1.26717166905,0.0,0.150094703219,2.32305403464e-05,0.0,0.0,0.0,0.000111472434727
330,6.37,160.593463452,409.661905428,-1.86952312959,-2.98561219157,0.5,171.494223988,384.066070058,-1.6570326708,-2.48666803232,0.0,1.4044794437e-05,4.25464616075e-06,1.26717272645,0.0,0.150094680454,2.318946375e-05,0.0,0.0,0.0,0.000110206959361
331,6.38,160.593463452,409.661905428,-1.86952312959,-2.98561219157,0.5,171.517239374,383.992592076,-1.65658402779,-2.48523571298,0.0,1.39609405961e-05,4.35692451215e-06,1.2671737718,0.0,0.150094664907,2.31401789624e-05,0.0,0.0,0.0,0.000108984937662
332,6.4,160.593463452,409.661905428,-1.86952312959,-2.98561219157,0.5,171.540254698,383.919114085,-1.65613538601,-2.48380339347,0.0,1.38771237278e-05,4.45995536232e-06,1.26717480551,0.0,0.15009464218,2.30966131785e-05,0.0,0.0,0.0,0.000107804735591
333,6.41,160.593463452,409.661905428,-1.86952312959,-2.98561219157,0.5,171.563269959,383.845636086,-1.65568674544,-2.48237107379,0.0,1.37933469225e-05,4.56370396072e-06,1.26717582799,0.0,0.150094623486,2.30646717468e-05,0.0,0.0,0.0,0.000106664780686
334,6.43,160.593463452,409.661905428,-1.86952312959,-2.98561219157,0.5,171.586285158,383.772158078,-1.65523810608,-2.48093875396,0.0,1.37096131264e-05,4.66813688838e-06,1.26717683961,0.0,0.150094600809,2.30187818123e-05,0.0,0.0,0.0,0.000105563559706
335,6.46,160.593463452,409.661905428,-1.86952312959,-2.98561219157,0.5,171.609300296,383.698680062,-1.65478946791,-2.47950643396,0.0,1.36259251498e-05,4.77322200576e-06,1.26717784076,0.0,0.150094583508,2.29888631289e-05,0.0,0.0,0.0,0.000104499616265
336,6.48,160.593463452,409.661905428,-1.86952312959,-2.98561219157,0.5,171.632315374,383.625202039,-1.65434083092,-2.47807411382,0.0,1.35422856742e-05,4.87892840409e-06,1.26717883177,0.0,0.150094564903,2.2953608793e-05,0.0,0.0,0.0,0.000103471548774
337,6.49,160.593463452,409.661905428,-1.86952312959,-2.98561219157,0.5,171.655330391,383.551724007,-1.65389219511,-2.47664179352,0.0,1.34586972581e-05,4.98522635713e-06,1.26717981301,0.0,0.150094542322,2.29045168616e-05,0.0,0.0,0.0,0.000102478008227
338,6.51,160.593463452,409.661905428,-1.86952312959,-2.98561219157,0.5,171.678345349,383.478245968,-1.65344356046,-2.47520947307,0.0,1.33751623436e-05,5.09208727596e-06,1.26718078479,0.0,0.150094523788,2.28672342812e-05,0.0,0.0,0.0,0.000101517696235
339,6.55,160.593463452,409.661905428,-1.86952312959,-2.98561219157,0.5,171.701360247,383.404767922,-1.65299492696,-2.47377715247,0.0,1.3291683262e-05,5.19948366495e-06,1.26718174744,0.0,0.150094506631,2.28332565301e-05,0.0,0.0,0.0,0.000100589363119
340,6.58,160.593463452,409.661905428,-1.86952312959,-2.98561219157,0.5,171.724375087,383.331289868,-1.65254629461,-2.47234483173,0.0,1.32082622386e-05,5.30738907883e-06,1.26718270125,0.0,0.150094488178,2.27940778789e-05,0.0,0.0,0.0,9.96918060186e-05
341,6.61,160.593463452,409.661905428,-1.86952312959,-2.98561219157,0.5,171.747389868,383.257811807,-1.65209766339,-2.47091251085,0.0,1.31249013978e-05,5.41577808324e-06,1.26718364654,0.0,0.150094461231,2.275667112e-05,0.0,0.0,0.0,9.88238671758e-05
342,6.64,160.593463452,409.661905428,-1.86952312959,-2.98561219157,0.5,171.770404592,383.184333738,-1.6516490333,-2.46948018983,0.0,1.30416027678e-05,5.52462621428e-06,1.26718458357,0.0,0.150094444204,2.27199877579e-05,0.0,0.0,0.0,9.79844321804e-05
343,6.67,160.593463452,409.661905428,-1.86952312959,-2.98561219157,0.5,171.793419258,383.110855663,-1.65120040433,-2.46804786867,0.0,1.29583682842e-05,5.63390994187e-06,1.26718551262,0.0,0.150094425886,2.26781920244e-05,0.0,0.0,0.0,9.71724283443e-05
344,6.7,160.593463452,409.661905428,-1.86952312959,-2.98561219157,0.5,171.816433867,383.03737758,-1.65075177647,-2.46661554737,0.0,1.28751997953e-05,5.74360663305e-06,1.26718643395,0.0,0.150094405764,2.26595973081e-05,0.0,0.0,0.0,9.63868230802e-05
345,6.72,160.593463452,409.661905428,-1.86952312959,-2.98561219157,0.5,171.83944842,382.963899491,-1.65030314971,-2.46518322594,0.0,1.2792099065e-05,5.85369451723e-06,1.26718734782,0.0,0.150094387546,2.26161954257e-05,0.0,0.0,0.0,9.56266224558e-05
346,6.74,160.593463452,409.661905428,-1.86952312959,-2.98561219157,0.5,171.862462916,382.890421394,-1.64985452405,-2.46375090437,0.0,1.27090677769e-05,5.96415265295e-06,1.26718825446,0.0,0.150094370716,2.25762977697e-05,0.0,0.0,0.0,9.48908697013e-05
347,6.78,160.593463452,409.661905428,-1.86952312959,-2.98561219157,0.5,171.885477357,382.816943291,-1.64940589948,-2.46231858267,0.0,1.26261075376e-05,6.07496089541e-06,1.26718915412,0.0,0.150094349412,2.25511396598e-05,0.0,0.0,0.0,9.41786438169e-05
348,6.8,160.593463452,409.661905428,-1.86952312959,-2.98561219157,0.5,171.908491742,382.743465181,-1.64895727599,-2.46088626085,0.0,1.25432198809e-05,6.18609986569e-06,1.26719004701,0.0,0.150094331353,2.25055164569e-05,0.0,0.0,0.0,9.34890581651e-05
349,6.82,160.593463452,409.661905428,-1.86952312959,-2.98561219157,0.5,171.931506071,382.669987065,-1.64850865358,-2.45945393889,0.0,1.24604062699e-05,6.29755092107e-06,1.26719093335,0.0,0.150094311495,2.24832164913e-05,0.0,0.0,0.0,9.28212593121e-05
350,6.84,160.593463452,409.661905428,-1.86952312959,-2.98561219157,0.5,171.954520347,382.596508942,-1.64806003223,-2.45802161681,0.0,1.23776681009e-05,6.40929612602e-06,1.26719181335,0.0,0.150094290357,2.24559755546e-05,0.0,0.0,0.0,9.2174425603e-05
351,6.86,160.593463452,409.661905428,-1.86952312959,-2.98561219157,0.5,171.977534567,382.523030813,-1.64761141194,-2.4565892946,0.0,1.22950067061e-05,6.5213182251e-06,1.26719268722,0.0,0.150094272468,2.24083349665e-05,0.0,0.0,0.0,9.15477660815e-05
352,6.88,160.593463452,409.661905428,-1.86952312959,-2.98561219157,0.5,172.000548734,382.449552677,-1.64716279271,-2.45515697227,0.0,1.22124233567e-05,6.63360061617e-06,1.26719355513,0.0,0.150094252782,2.23840806105e-05,0.0,0.0,0.0,9.09405193419e-05
353,6.9,160.593463452,409.661905428,-1.86952312959,-2.98561219157,0.5,172.023562847,382.376074535,-1.64671417453,-2.45372464981,0.0,1.21299192654e-05,6.74612732513e-06,1.26719441728,0.0,0.15009423182,2.23549459566e-05,0.0,0.0,0.0,9.03519523095e-05
354,6.92,160.593463452,409.661905428,-1.86952312959,-2.98561219157,0.5,172.046576906,382.302596387,-1.64626555739,-2.45229232724,0.0,1.20474955893e-05,6.85888298125e-06,1.26719527385,0.0,0.150094210917,2.23252185331e-05,0.0,0.0,0.0,8.978135929e-05
355,6.95,160.593463452,409.661905428,-1.86952312959,-2.98561219157,0.5,172.069590912,382.229118233,-1.64581694129,-2.45086000454,0.0,1.19651534324e-05,6.97185279385e-06,1.26719612501,0.0,0.150094194603,2.22794367605e-05,0.0,0.0,0.0,8.92280608615e-05
356,6.97,160.593463452,409.661905428,-1.86952312959,-2.98561219157,0.5,172.092604865,382.155640072,-1.64536832622,-2.44942768172,0.0,1.18828938478e-05,7.08502252936e-06,1.26719697092,0.0,0.150094173822,2.22485773287e-05,0.0,0.0,0.0,8.86914029332e-05
357,7.0,160.593463452,409.661905428,-1.86952312959,-2.98561219157,0.5,172.115618765,382.082161906,-1.64491971218,-2.44799535878,0.0,1.18007178402e-05,7.19837848985e-06,1.26719781174,0.0,0.150094161641,2.22145040493e-05,0.0,0.0,0.0,8.8170755725e-05
358,7.02,160.593463452,409.661905428,-1.86952312959,-2.98561219157,0.5,172.138632613,382.008683733,-1.64447109916,-2.44656303573,0.0,1.17186263687e-05,7.31190749169e-06,1.26719864763,0.0,0.150094142322,2.21868484292e-05,0.0,0.0,0.0,8.76655129681e-05
359,7.05,160.593463452,409.661905428,-1.86952312959,-2.98561219157,0.5,172.161646409,381.935205554,-1.64402248715,-2.44513071256,0.0,1.1636620348e-05,7.42559684587e-06,1.26719947872,0.0,0.150094121729,2.2154415157e-05,0.0,0.0,0.0,8.71750909021e-05
360,7.08,160.593463452,409.661905428,-1.86952312959,-2.98561219157,0.5,172.184660153,381.861727369,-1.64357387616,-2.44369838927,0.0,1.15547006512e-05,7.5394343383e-06,1.26720030517,0.0,0.150094101199,2.21214879946e-05,0.0,0.0,0.0,8.66989274581e-05
361,7.09,160.593463452,409.661905428,-1.86952312959,-2.98561219157,0.5,172.207673846,381.788249179,-1.64312526617,-2.44226606586,0.0,1.1472868112e-05,7.65340821118e-06,1.26720112711,0.0,0.150094080732,2.20880813688e-05,0.0,0.0,0.0,8.62364815747e-05
362,7.1,160.593463452,409.661905428,-1.86952312959,-2.98561219157,0.5,172.230687487,381.714770982,-1.64267665718,-2.44083374235,0.0,1.13911235258e-05,7.76750714541e-06,1.26720194467,0.0,0.150094065676,2.20712843056e-05,0.0,0.0,0.0,8.57872321676e-05
363,7.13,160.593463452,409.661905428,-1.86952312959,-2.98561219157,0.5,172.253701076,381.64129278,-1.64222804919,-2.43940141871,0.0,1.13094676526e-05,7.88172024281e-06,1.26720275798,0.0,0.150094046674,2.20412287261e-05,0.0,0.0,0.0,8.53506775973e-05
364,7.14,160.593463452,409.661905428,-1.86952312959,-2.98561219157,0.5,172.276714615,381.567814572,-1.64177944219,-2.43796909497,0.0,1.1227901218e-05,7.99603700995e-06,1.26720356715,0.0,0.150094026399,2.20064650946e-05,0.0,0.0,0.0,8.49263347646e-05
365,7.15,160.593463452,409.661905428,-1.86952312959,-2.98561219157,0.5,172.299728104,381.494336358,-1.64133083618,-2.43653677111,0.0,1.11464249151e-05,8.11044734225e-06,1.26720437231,0.0,0.150094006189,2.19712746147e-05,0.0,0.0,0.0,8.45137385983e-05
366,7.18,160.593463452,409.661905428,-1.86952312959,-2.98561219157,0.5,172.322741542,381.420858138,-1.64088223116,-2.43510444714,0.0,1.10650394068e-05,8.22494150853e-06,1.26720517356,0.0,0.150093991389,2.19527444079e-05,0.0,0.0,0.0,8.41124411855e-05
367,7.19,160.593463452,409.661905428,-1.86952312959,-2.98561219157,0.5,172.345754929,381.347379913,-1.64043362711,-2.43367212306,0.0,1.09837453264e-05,8.33951013597e-06,1.26720597101,0.0,0.150093972644,2.19210045225e-05,0.0,0.0,0.0,8.3722011293e-05
368,7.22,160.593463452,409.661905428,-1.86952312959,-2.98561219157,0.5,172.368768267,381.273901682,-1.63998502404,-2.43223979887,0.0,1.09025432801e-05,8.45414419663e-06,1.26720676477,0.0,0.150093952627,2.18846036459e-05,0.0,0.0,0.0,8.33420336192e-05
369,7.25,160.593463452,409.661905428,-1.86952312959,-2.98561219157,0.5,172.391781554,381.200423445,-1.63953642194,-2.43080747456,0.0,1.08214338478e-05,8.56883499313e-06,1.26720755494,0.0,0.15009393802,2.18648964103e-05,0.0,0.0,0.0,8.29721083069e-05
370,7.27,160.593463452,409.661905428,-1.86952312959,-2.98561219157,0.5,172.414794792,381.126945203,-1.63908782081,-2.42937515015,0.0,1.07404175849e-05,8.68357414619e-06,1.26720834161,0.0,0.15009391813,2.18277428633e-05,0.0,0.0,0.0,8.26118502608e-05
371,7.3,160.593463452,409.661905428,-1.86952312959,-2.98561219157,0.5,172.437807981,381.053466955,-1.63863922064,-2.42794282563,0.0,1.06594950234e-05,8.79835358139e-06,1.26720912487,0.0,0.150093899642,2.17944968711e-05,0.0,0.0,0.0,8.22608886393e-05
372,7.32,160.593463452,409.661905428,-1.86952312959,-2.98561219157,0.5,172.46082112,380.979988701,-1.63819062144,-2.42651050099,0.0,1.05786666736e-05,8.91316551766e-06,1.26720990482,0.0,0.150093885226,2.17737055956e-05,0.0,0.0,0.0,8.19188663452e-05
373,7.35,160.593463452,409.661905428,-1.86952312959,-2.98561219157,0.5,172.48383421,380.906510442,-1.63774202319,-2.42507817625,0.0,1.04979330251e-05,9.02800245517e-06,1.26721068153,0.0,0.150093865528,2.17354967727e-05,0.0,0.0,0.0,8.15854394425e-05
374,7.37,160.593463452,409.661905428,-1.86952312959,-2.98561219157,0.5,172.506847252,380.833032177,-1.63729342589,-2.4236458514,0.0,1.04172945478e-05,9.14285716438e-06,1.2672114551,0.0,0.150093851238,2.17140295821e-05,0.0,0.0,0.0,8.12602767804e-05
375,7.39,160.593463452,409.661905428,-1.86952312959,-2.98561219157,0.5,172.529860244,380.759553907,-1.63684482955,-2.42221352645,0.0,1.03367516936e-05,9.25772267541e-06,1.26721222559,0.0,0.150093831666,2.16751623166e-05,0.0,0.0,0.0,8.09430593634e-05
376,7.4,160.593463452,409.661905428,-1.86952312959,-2.98561219157,0.5,172.552873188,380.686075631,-1.63639623415,-2.42078120138,0.0,1.02563048974e-05,9.37259226724e-06,1.26721299309,0.0,0.150093818838,2.16573223143e-05,0.0,0.0,0.0,8.06334800389e-05
377,7.43,160.593463452,409.661905428,-1.86952312959,-2.98561219157,0.5,172.575886084,380.61259735,-1.63594763969,-2.41934887621,0.0,1.01759545777e-05,9.48745945826e-06,1.26721375766,0.0,0.150093796199,2.16375779982e-05,0.0,0.0,0.0,8.03312429433e-05
378,7.45,160.593463452,409.661905428,-1.86952312959,-2.98561219157,0.5,172.598898931,380.539119063,-1.63549904618,-2.41791655093,0.0,1.00957011381e-05,9.60231799637e-06,1.26721451938,0.0,0.150093776812,2.1597784314e-05,0.0,0.0,0.0,8.00360631757e-05
379,7.48,160.593463452,409.661905428,-1.86952312959,-2.98561219157,0.5,172.62191173,380.465640771,-1.6350504536,-2.41648422555,0.0,1.00155449682e-05,9.71716184976e-06,1.26721527832,0.0,0.150093762832,2.15747721396e-05,0.0,0.0,0.0,7.97476663188e-05
380,7.51,160.593463452,409.661905428,-1.86952312959,-2.98561219157,0.5,172.644924481,380.392162473,-1.63460186196,-2.41505190005,0.0,9.93548644455e-06,9.83198519886e-06,1.26721603453,0.0,0.150093743567,2.15343983001e-05,0.0,0.0,0.0,7.94657880842e-05
381,7.53,160.593463452,409.661905428,-1.86952312959,-2.98561219157,0.5,172.667937185,380.31868417,-1.63415327125,-2.41361957446,0.0,9.85552593137e-06,9.94678242669e-06,1.26721678808,0.0,0.150093729708,2.15108199584e-05,0.0,0.0,0.0,7.91901738892e-05
382,7.57,160.593463452,409.661905428,-1.86952312959,-2.98561219157,0.5,172.690949841,380.245205861,-1.63370468147,-2.41218724875,0.0,9.77566378189e-06,1.00615481114e-05,1.26721753904,0.0,0.150093707371,2.14896417364e-05,0.0,0.0,0.0,7.89205785746e-05
383,7.59,160.593463452,409.661905428,-1.86952312959,-2.98561219157,0.5,172.713962449,380.171727547,-1.63325609261,-2.41075492294,0.0,9.69590033857e-06,1.01762770185e-05,1.26721828745,0.0,0.150093694967,2.14697924779e-05,0.0,0.0,0.0,7.86567659739e-05
384,7.63,160.593463452,409.661905428,-1.86952312959,-2.98561219157,0.5,172.73697501,380.098249227,-1.63280750468,-2.40932259703,0.0,9.61623593431e-06,1.02909640927e-05,1.26721903337,0.0,0.150093675939,2.14283387599e-05,0.0,0.0,0.0,7.83985086708e-05
385,7.65,160.593463452,409.661905428,-1.86952312959,-2.98561219157,0.5,172.759987524,380.024770903,-1.63235891767,-2.40789027101,0.0,9.53667089326e-06,1.04056044516e-05,1.26721977686,0.0,0.150093662314,2.14037055865e-05,0.0,0.0,0.0,7.81455875384e-05
386,7.67,160.593463452,409.661905428,-1.86952312959,-2.98561219157,0.5,172.78299999,379.951292572,-1.63191033158,-2.40645794488,0.0,9.45720553119e-06,1.05201933778e-05,1.26722051796,0.0,0.150093640209,2.13814966416e-05,0.0,0.0,0.0,7.78977915533e-05
387,7.69,160.593463452,409.661905428,-1.86952312959,-2.98561219157,0.5,172.80601241,379.877814237,-1.6314617464,-2.40502561865,0.0,9.37784015678e-06,1.0634726313e-05,1.26722125673,0.0,0.150093626697,2.13563711454e-05,0.0,0.0,0.0,7.76549174707e-05
388,7.71,160.593463452,409.661905428,-1.86952312959,-2.98561219157,0.5,172.829024783,379.804335896,-1.63101316213,-2.40359329231,0.0,9.2985750714e-06,1.07491988511e-05,1.26722199321,0.0,0.150093607895,2.13139323661e-05,0.0,0.0,0.0,7.74167695241e-05
389,7.74,160.593463452,409.661905428,-1.86952312959,-2.98561219157,0.5,172.852037109,379.730857549,-1.63056457878,-2.40216096587,0.0,9.21941057085e-06,1.08636067324e-05,1.26722272744,0.0,0.150093594494,2.12883357221e-05,0.0,0.0,0.0,7.71831590704e-05
390,7.76,160.593463452,409.661905428,-1.86952312959,-2.98561219157,0.5,172.875049388,379.657379198,-1.63011599633,-2.40072863933,0.0,9.14034694515e-06,1.09779458371e-05,1.26722345948,0.0,0.150093573946,2.12694528636e-05,0.0,0.0,0.0,7.69539044867e-05
391,7.78,160.593463452,409.661905428,-1.86952312959,-2.98561219157,0.5,172.898061621,379.583900841,-1.62966741479,-2.39929631268,0.0,9.06138447935e-06,1.10922121804e-05,1.26722418935,0.0,0.150093560652,2.1243404707e-05,0.0,0.0,0.0,7.67288307866e-05
392,7.83,160.593463452,409.661905428,-1.86952312959,-2.98561219157,0.5,172.921073808,379.510422478,-1.62921883415,-2.39786398593,0.0,8.98252345418e-06,1.12064019065e-05,1.26722491711,0.0,0.150093538873,2.12198108186e-05,0.0,0.0,0.0,7.65077694023e-05
393,7.87,160.593463452,409.661905428,-1.86952312959,-2.98561219157,0.5,172.944085949,379.43694411,-1.62877025441,-2.39643165907,0.0,8.90376414666e-06,1.13205112831e-05,1.26722564278,0.0,0.150093525684,2.11933293715e-05,0.0,0.0,0.0,7.62905579841e-05
394,7.88,160.593463452,409.661905428,-1.86952312959,-2.98561219157,0.5,172.967098043,379.363465737,-1.62832167557,-2.39499933211,0.0,8.82510683038e-06,1.14345366978e-05,1.26722636641,0.0,0.150093512545,2.11666377019e-05,0.0,0.0,0.0,7.60770401362e-05
395,7.9,160.593463452,409.661905428,-1.86952312959,-2.98561219157,0.5,172.990110092,379.289987359,-1.62787309763,-2.39356700505,0.0,8.74655177604e-06,1.15484746512e-05,1.26722708802,0.0,0.150093490919,2.1142412959e-05,0.0,0.0,0.0,7.58670652124e-05
396,7.94,160.593463452,409.661905428,-1.86952312959,-2.98561219157,0.5,173.013122094,379.216508975,-1.62742452058,-2.39213467788,0.0,8.66809925194e-06,1.16623217536e-05,1.26722780766,0.0,0.150093477879,2.11153128842e-05,0.0,0.0,0.0,7.56604881005e-05
397,7.99,160.593463452,409.661905428,-1.86952312959,-2.98561219157,0.5,173.036134051,379.143030586,-1.62697594442,-2.39070235061,0.0,8.58974952472e-06,1.17760747208e-05,1.26722852536,0.0,0.15009345635,2.10906874165e-05,0.0,0.0,0.0,7.5457169009e-05
398,8.01,160.593463452,409.661905428,-1.86952312959,-2.98561219157,0.5,173.059145962,379.069552192,-1.62652736916,-2.38927002323,0.0,8.51150285904e-06,1.18897303688e-05,1.26722924114,0.0,0.150093443406,2.10631940177e-05,0.0,0.0,0.0,7.52569732999e-05
399,8.02,160.593463452,409.661905428,-1.86952312959,-2.98561219157,0.5,173.082157828,378.996073792,-1.62607879478,-2.38783769575,0.0,8.43335951883e-06,1.20032856102e-05,1.26722995504,0.0,0.150093421971,2.10381823365e-05,0.0,0.0,0.0,7.50597712759e-05
400,8.05,160.593463452,409.661905428,-1.86952312959,-2.98561219157,0.5,173.105169648,378.922595387,-1.62563022129,-2.38640536817,0.0,8.35531976712e-06,1.21167374505e-05,1.26723066708,0.0,0.150093410455,2.10145783838e-05,0.0,0.0,0.0,7.48654380436e-05
401,8.08,160.593463452,409.661905428,-1.86952312959,-2.98561219157,0.5,173.128181423,378.849116977,-1.62518164868,-2.38497304049,0.0,8.2773838664e-06,1.22300829839e-05,1.26723137729,0.0,0.150093397647,2.09865208855e-05,0.0,0.0,0.0,7.46738532317e-05
402,8.09,160.593463452,409.661905428,-1.86952312959,-2.98561219157,0.5,173.151193152,378.775638562,-1.62473307695,-2.3835407127,0.0,8.1995520792e-06,1.23433193902e-05,1.2672320857,0.0,0.150093376346,2.09609547937e-05,0.0,0.0,0.0,7.44849009583e-05
403,8.12,160.593463452,409.661905428,-1.86952312959,-2.98561219157,0.5,173.174204837,378.702160141,-1.62428450611,-2.38210838482,0.0,8.12182466831e-06,1.24564439308e-05,1.26723279233,0.0,0.150093363624,2.09325369869e-05,0.0,0.0,0.0,7.42984696104e-05
404,8.14,160.593463452,409.661905428,-1.86952312959,-2.98561219157,0.5,173.197216476,378.628681715,-1.62383593614,-2.38067605682,0.0,8.04420189716e-06,1.25694539459e-05,1.2672334972,0.0,0.150093342407,2.09066164542e-05,0.0,0.0,0.0,7.41144516244e-05
405,8.17,160.593463452,409.661905428,-1.86952312959,-2.98561219157,0.5,173.22022807,378.555203284,-1.62338736705,-2.37924372873,0.0,7.96668402969e-06,1.26823468506e-05,1.26723420035,0.0,0.150093329767,2.08778498648e-05,0.0,0.0,0.0,7.3932743496e-05
406,8.2,160.593463452,409.661905428,-1.86952312959,-2.98561219157,0.5,173.24323962,378.481724847,-1.62293879883,-2.37781140054,0.0,7.88927133129e-06,1.27951201326e-05,1.26723490178,0.0,0.150093317168,2.08489129303e-05,0.0,0.0,0.0,7.37532454389e-05
407,8.21,160.593463452,409.661905428,-1.86952312959,-2.98561219157,0.5,173.266251124,378.408246406,-1.62249023149,-2.37637907224,0.0,7.81196406845e-06,1.29077713489e-05,1.26723560153,0.0,0.150093296069,2.08224812406e-05,0.0,0.0,0.0,7.35758614473e-05
408,8.23,160.593463452,409.661905428,-1.86952312959,-2.98561219157,0.5,173.289262584,378.334767959,-1.62204166502,-2.37494674384,0.0,7.73476250922e-06,1.30202981232e-05,1.26723629961,0.0,0.150093283546,2.07932111803e-05,0.0,0.0,0.0,7.34004989968e-05
409,8.25,160.593463452,409.661905428,-1.86952312959,-2.98561219157,0.5,173.312274,378.261289507,-1.62159309942,-2.37351441534,0.0,7.65766692358e-06,1.31326981428e-05,1.26723699604,0.0,0.150093267868,2.078352636e-05,0.0,0.0,0.0,7.32270690281e-05
410,8.28,160.593463452,409.661905428,-1.86952312959,-2.98561219157,0.5,173.335285371,378.187811049,-1.62114453468,-2.37208208673,0.0,7.58067758346e-06,1.32449691564e-05,1.26723769083,0.0,0.150093246879,2.07566056458e-05,0.0,0.0,0.0,7.30554857684e-05
411,8.3,160.593463452,409.661905428,-1.86952312959,-2.98561219157,0.5,173.358296697,378.114332587,-1.62069597081,-2.37064975803,0.0,7.50379476283e-06,1.33571089718e-05,1.26723838401,0.0,0.150093234462,2.07268533875e-05,0.0,0.0,0.0,7.2885666623e-05
412,8.3,160.593463452,409.661905428,-1.86952312959,-2.98561219157,0.5,173.381307979,378.040854119,-1.62024740781,-2.36921742922,0.0,7.42701873816e-06,1.34691154531e-05,1.2672390756,0.0,0.150093214878,2.07038864996e-05,0.0,0.0,0.0,7.27175320712e-05
413,8.32,160.593463452,409.661905428,-1.86952312959,-2.98561219157,0.5,173.404319217,377.967375646,-1.61979884567,-2.36778510032,0.0,7.35034978834e-06,1.35809865187e-05,1.2672397656,0.0,0.150093202527,2.06738233742e-05,0.0,0.0,0.0,7.25510055324e-05
414,8.35,160.593463452,409.661905428,-1.86952312959,-2.98561219157,0.5,173.427330411,377.893897168,-1.61935028439,-2.36635277131,0.0,7.27378819479e-06,1.3692720139e-05,1.26724045403,0.0,0.150093187016,2.06633559286e-05,0.0,0.0,0.0,7.23860133378e-05
415,8.36,160.593463452,409.661905428,-1.86952312959,-2.98561219157,0.5,173.450341561,377.820418685,-1.61890172397,-2.3649204422,0.0,7.19733424201e-06,1.38043143344e-05,1.26724114092,0.0,0.150093174727,2.06329896366e-05,0.0,0.0,0.0,7.22224845227e-05
416,8.39,160.593463452,409.661905428,-1.86952312959,-2.98561219157,0.5,173.473352666,377.746940197,-1.6184531644,-2.36348811299,0.0,7.12098821714e-06,1.39157671738e-05,1.26724182626,0.0,0.150093153929,2.06051474409e-05,0.0,0.0,0.0,7.20603507749e-05
417,8.42,160.593463452,409.661905428,-1.86952312959,-2.98561219157,0.5,173.496363728,377.673461703,-1.6180046057,-2.36205578368,0.0,7.04475041049e-06,1.40270767716e-05,1.26724251008,0.0,0.150093141697,2.05744850608e-05,0.0,0.0,0.0,7.18995463777e-05
418,8.44,160.593463452,409.661905428,-1.86952312959,-2.98561219157,0.5,173.519374746,377.599983204,-1.61755604784,-2.36062345427,0.0,6.96862111534e-06,1.41382412872e-05,1.26724319239,0.0,0.150093126301,2.05634252786e-05,0.0,0.0,0.0,7.17400080855e-05
419,8.46,160.593463452,409.661905428,-1.86952312959,-2.98561219157,0.5,173.54238572,377.5265047,-1.61710749084,-2.35919112476,0.0,6.89260062834e-06,1.42492589224e-05,1.26724387319,0.0,0.150093105584,2.05351462766e-05,0.0,0.0,0.0,7.15816750191e-05
420,8.47,160.593463452,409.661905428,-1.86952312959,-2.98561219157,0.5,173.56539665,377.453026191,-1.6166589347,-2.35775879515,0.0,6.81668924934e-06,1.43601279199e-05,1.2672445525,0.0,0.15009309343,2.05040517638e-05,0.0,0.0,0.0,7.14244886243e-05
421,8.5,160.593463452,409.661905428,-1.86952312959,-2.98561219157,0.5,173.588407537,377.379547677,-1.6162103794,-2.35632646545,0.0,6.74088728162e-06,1.44708465622e-05,1.26724523034,0.0,0.150093078108,2.04925642975e-05,0.0,0.0,0.0,7.12683925482e-05
422,8.52,160.593463452,409.661905428,-1.86952312959,-2.98561219157,0.5,173.61141838,377.306069158,-1.61576182495,-2.35489413564,0.0,6.66519503161e-06,1.45814131694e-05,1.2672459067,0.0,0.150093066001,2.04611889208e-05,0.0,0.0,0.0,7.1113332564e-05
423,8.54,160.593463452,409.661905428,-1.86952312959,-2.98561219157,0.5,173.63442918,377.232590634,-1.61531327135,-2.35346180573,0.0,6.5896128094e-06,1.46918260984e-05,1.26724658161,0.0,0.150093045378,2.04323480464e-05,0.0,0.0,0.0,7.09592565886e-05
424,8.57,160.593463452,409.661905428,-1.86952312959,-2.98561219157,0.5,173.657439936,377.159112105,-1.61486471859,-2.35202947572,0.0,6.51414092856e-06,1.48020837412e-05,1.26724725507,0.0,0.150093030121,2.04204451428e-05,0.0,0.0,0.0,7.08061144989e-05
425,8.58,160.593463452,409.661905428,-1.86952312959,-2.98561219157,0.5,173.680450649,377.08563357,-1.61441616668,-2.35059714562,0.0,6.4387797063e-06,1.49121845236e-05,1.26724792708,0.0,0.150093018075,2.03886580581e-05,0.0,0.0,0.0,7.06538580809e-05
426,8.6,160.593463452,409.661905428,-1.86952312959,-2.98561219157,0.5,173.703461319,377.012155031,-1.61396761561,-2.34916481542,0.0,6.36352946308e-06,1.50221269042e-05,1.26724859766,0.0,0.15009299751,2.03594090129e-05,0.0,0.0,0.0,7.05024410044e-05
427,8.61,160.593463452,409.661905428,-1.86952312959,-2.98561219157,0.5,173.726471946,376.938676486,-1.61351906539,-2.34773248511,0.0,6.288390523e-06,1.51319093732e-05,1.26724926682,0.0,0.150092982309,2.03471013207e-05,0.0,0.0,0.0,7.03518187425e-05
428,8.63,160.593463452,409.661905428,-1.86952312959,-2.98561219157,0.5,173.749482529,376.865197937,-1.613070516,-2.34630015471,0.0,6.21336321386e-06,1.52415304506e-05,1.26724993456,0.0,0.150092970315,2.03149126819e-05,0.0,0.0,0.0,7.02019485767e-05
429,8.66,160.593463452,409.661905428,-1.86952312959,-2.98561219157,0.5,173.77249307,376.791719382,-1.61262196745,-2.34486782422,0.0,6.13844786695e-06,1.53509886862e-05,1.26725060088,0.0,0.150092949799,2.02852651361e-05,0.0,0.0,0.0,7.0052789278e-05
430,8.68,160.593463452,409.661905428,-1.86952312959,-2.98561219157,0.5,173.795503567,376.718240823,-1.61217341974,-2.34343549362,0.0,6.0636448171e-06,1.54602826582e-05,1.2672512658,0.0,0.150092934643,2.02725618645e-05,0.0,0.0,0.0,6.99043014601e-05
431,8.7,160.593463452,409.661905428,-1.86952312959,-2.98561219157,0.5,173.818514022,376.644762258,-1.61172487287,-2.34200316293,0.0,5.98895440247e-06,1.55694109718e-05,1.26725192933,0.0,0.150092922691,2.02399804213e-05,0.0,0.0,0.0,6.9756447199e-05
432,8.73,160.593463452,409.661905428,-1.86952312959,-2.98561219157,0.5,173.841524434,376.571283689,-1.61127632683,-2.34057083214,0.0,5.9143769651e-06,1.56783722586e-05,1.26725259146,0.0,0.15009290756,2.02270178837e-05,0.0,0.0,0.0,6.96091901007e-05
433,8.75,160.593463452,409.661905428,-1.86952312959,-2.98561219157,0.5,173.864534803,376.497805115,-1.61082778162,-2.33913850126,0.0,5.83991285018e-06,1.5787165176e-05,1.2672532522,0.0,0.150092895631,2.01941788033e-05,0.0,0.0,0.0,6.94624952046e-05
434,8.77,160.593463452,409.661905428,-1.86952312959,-2.98561219157,0.5,173.887545129,376.424326535,-1.61037923724,-2.33770617028,0.0,5.76556240627e-06,1.58957884061e-05,1.26725391156,0.0,0.150092880521,2.01809601426e-05,0.0,0.0,0.0,6.93163290197e-05
435,8.81,160.593463452,409.661905428,-1.86952312959,-2.98561219157,0.5,173.910555413,376.350847951,-1.6099306937,-2.3362738392,0.0,5.69132598571e-06,1.60042406546e-05,1.26725456955,0.0,0.150092860073,2.01505392882e-05,0.0,0.0,0.0,6.91706594291e-05
436,8.84,160.593463452,409.661905428,-1.86952312959,-2.98561219157,0.5,173.933565655,376.277369362,-1.60948215098,-2.33484150803,0.0,5.61720394363e-06,1.6112520651e-05,1.26725522616,0.0,0.150092844979,2.01370673092e-05,0.0,0.0,0.0,6.90254555843e-05
437,8.87,160.593463452,409.661905428,-1.86952312959,-2.98561219157,0.5,173.956575853,376.203890768,-1.6090336091,-2.33340917676,0.0,5.54319663883e-06,1.62206271469e-05,1.2672558814,0.0,0.150092833084,2.01037215229e-05,0.0,0.0,0.0,6.8880687966e-05
438,8.89,160.593463452,409.661905428,-1.86952312959,-2.98561219157,0.5,173.97958601,376.130412169,-1.60858506804,-2.3319768454,0.0,5.46930443321e-06,1.63285589161e-05,1.26725653528,0.0,0.150092818002,2.0089998714e-05,0.0,0.0,0.0,6.87363282898e-05
439,8.92,160.593463452,409.661905428,-1.86952312959,-2.98561219157,0.5,174.002596124,376.056933565,-1.6081365278,-2.33054451394,0.0,5.39552769166e-06,1.64363147532e-05,1.2672571878,0.0,0.150092797579,2.00590761136e-05,0.0,0.0,0.0,6.85923494336e-05
440,8.97,160.593463452,409.661905428,-1.86952312959,-2.98561219157,0.5,174.025606195,375.983454957,-1.60768798839,-2.32911218239,0.0,5.32186678227e-06,1.6543893474e-05,1.26725783897,0.0,0.150092782506,2.00451046544e-05,0.0,0.0,0.0,6.8448725493e-05
441,8.99,160.593463452,409.661905428,-1.86952312959,-2.98561219157,0.5,174.048616225,375.909976343,-1.6072394498,-2.32767985074,0.0,5.24832207605e-06,1.66512939141e-05,1.26725848878,0.0,0.150092770627,2.00112615189e-05,0.0,0.0,0.0,6.830543166e-05
442,9.03,160.593463452,409.661905428,-1.86952312959,-2.98561219157,0.5,174.071626212,375.836497725,-1.60679091204,-2.32624751901,0.0,5.17489394693e-06,1.67585149288e-05,1.26725913723,0.0,0.150092755557,1.99970433209e-05,0.0,0.0,0.0,6.81624441752e-05
443,9.07,160.593463452,409.661905428,-1.86952312959,-2.98561219157,0.5,174.094636158,375.763019102,-1.60634237509,-2.32481518717,0.0,5.10158277157e-06,1.68655553926e-05,1.26725978435,0.0,0.150092735143,1.9965627167e-05,0.0,0.0,0.0,6.80197403859e-05
444,9.09,160.593463452,409.661905428,-1.86952312959,-2.98561219157,0.5,174.117646061,375.689540474,-1.60589383897,-2.32338285525,0.0,5.0283889294e-06,1.69724141983e-05,1.26726043011,0.0,0.150092720074,1.99511638693e-05,0.0,0.0,0.0,6.78772986314e-05
445,9.12,160.593463452,409.661905428,-1.86952312959,-2.98561219157,0.5,174.140655922,375.616061842,-1.60544530366,-2.32195052323,0.0,4.95531280234e-06,1.70790902576e-05,1.26726107453,0.0,0.150092705003,1.99365785603e-05,0.0,0.0,0.0,6.77350982234e-05
446,9.14,160.593463452,409.661905428,-1.86952312959,-2.98561219157,0.5,174.163665742,375.542583205,-1.60499676917,-2.32051819113,0.0,4.8823547751e-06,1.71855824994e-05,1.26726171761,0.0,0.150092693122,1.99021234916e-05,0.0,0.0,0.0,6.75931194929e-05
447,9.15,160.593463452,409.661905428,-1.86952312959,-2.98561219157,0.5,174.186675519,375.469104563,-1.60454823549,-2.31908585893,0.0,4.80951523441e-06,1.72918898704e-05,1.26726235936,0.0,0.150092678045,1.98872950907e-05,0.0,0.0,0.0,6.74513435887e-05
448,9.17,160.593463452,409.661905428,-1.86952312959,-2.98561219157,0.5,174.209685255,375.395625916,-1.60409970263,-2.31765352664,0.0,4.73679456949e-06,1.73980113344e-05,1.26726299976,0.0,0.150092666157,1.98525974896e-05,0.0,0.0,0.0,6.73097526445e-05
449,9.19,160.593463452,409.661905428,-1.86952312959,-2.98561219157,0.5,174.232694949,375.322147265,-1.60365117058,-2.31622119426,0.0,4.66419317187e-06,1.75039458717e-05,1.26726363883,0.0,0.150092651071,1.98375270466e-05,0.0,0.0,0.0,6.71683296308e-05
450,9.21,160.593463452,409.661905428,-1.86952312959,-2.98561219157,0.5,174.255704602,375.24866861,-1.60320263934,-2.31478886179,0.0,4.59171143472e-06,1.76096924798e-05,1.26726427657,0.0,0.150092635979,1.98223359023e-05,0.0,0.0,0.0,6.70270583411e-05
451,9.23,160.593463452,409.661905428,-1.86952312959,-2.98561219157,0.5,174.278714213,375.175189949,-1.60275410891,-2.31335652923,0.0,4.5193497534e-06,1.77152501714e-05,1.26726491297,0.0,0.150092615534,1.97899490257e-05,0.0,0.0,0.0,6.68859234127e-05
452,9.25,160.593463452,409.661905428,-1.86952312959,-2.98561219157,0.5,174.301723782,375.101711284,-1.6023055793,-2.31192419658,0.0,4.44710852505e-06,1.78206179758e-05,1.26726554804,0.0,0.150092600426,1.97745170153e-05,0.0,0.0,0.0,6.67449102307e-05
453,9.29,160.593463452,409.661905428,-1.86952312959,-2.98561219157,0.5,174.32473331,375.028232615,-1.60185705049,-2.31049186384,0.0,4.37498814852e-06,1.79257949382e-05,1.26726618179,0.0,0.15009258531,1.97589647921e-05,0.0,0.0,0.0,6.66040049941e-05
454,9.31,160.593463452,409.661905428,-1.86952312959,-2.98561219157,0.5,174.347742797,374.954753941,-1.60140852248,-2.30905953101,0.0,4.30298902414e-06,1.80307801187e-05,1.2672668142,0.0,0.150092573376,1.97235444228e-05,0.0,0.0,0.0,6.64631945984e-05
455,9.32,160.593463452,409.661905428,-1.86952312959,-2.98561219157,0.5,174.370752242,374.881275262,-1.60095999529,-2.3076271981,0.0,4.23111155357e-06,1.81355725932e-05,1.26726744528,0.0,0.15009255824,1.9707752076e-05,0.0,0.0,0.0,6.63224667116e-05
456,9.33,160.593463452,409.661905428,-1.86952312959,-2.98561219157,0.5,174.393761646,374.807796579,-1.60051146889,-2.3061948651,0.0,4.15935613975e-06,1.82401714525e-05,1.26726807504,0.0,0.150092543091,1.96918397876e-05,0.0,0.0,0.0,6.61818096433e-05
457,9.36,160.593463452,409.661905428,-1.86952312959,-2.98561219157,0.5,174.416771008,374.734317892,-1.6000629433,-2.30476253201,0.0,4.08772318694e-06,1.83445758022e-05,1.26726870347,0.0,0.150092527931,1.96758076004e-05,0.0,0.0,0.0,6.6041212418e-05
458,9.38,160.593463452,409.661905428,-1.86952312959,-2.98561219157,0.5,174.43978033,374.6608392,-1.59961441852,-2.30333019883,0.0,4.01621310011e-06,1.84487847631e-05,1.26726933057,0.0,0.150092507411,1.96425803159e-05,0.0,0.0,0.0,6.59006646743e-05
459,9.39,160.593463452,409.661905428,-1.86952312959,-2.98561219157,0.5,174.462789611,374.587360504,-1.59916589453,-2.30189786557,0.0,3.94482628525e-06,1.85527974705e-05,1.26726995634,0.0,0.150092492223,1.96263083921e-05,0.0,0.0,0.0,6.57601567195e-05
460,9.43,160.593463452,409.661905428,-1.86952312959,-2.98561219157,0.5,174.48579885,374.513881803,-1.59871737135,-2.30046553223,0.0,3.87356314897e-06,1.86566130741e-05,1.26727058079,0.0,0.150092477021,1.96099165942e-05,0.0,0.0,0.0,6.56196794817e-05
461,9.44,160.593463452,409.661905428,-1.86952312959,-2.98561219157,0.5,174.508808048,374.440403098,-1.59826884896,-2.2990331988,0.0,3.80242409848e-06,1.87602307383e-05,1.26727120392,0.0,0.150092461802,1.95934048931e-05,0.0,0.0,0.0,6.54792244601e-05
462,9.46,160.593463452,409.661905428,-1.86952312959,-2.98561219157,0.5,174.531817206,374.366924389,-1.59782032737,-2.29760086528,0.0,3.73140954128e-06,1.88636496418e-05,1.26727182572,0.0,0.150092449759,1.95570252342e-05,0.0,0.0,0.0,6.53387837708e-05
463,9.48,160.593463452,409.661905428,-1.86952312959,-2.98561219157,0.5,174.554826323,374.293445676,-1.59737180657,-2.29616853169,0.0,3.66051988505e-06,1.89668689776e-05,1.26727244619,0.0,0.150092434507,1.95402735735e-05,0.0,0.0,0.0,6.519835005e-05
464,9.49,160.593463452,409.661905428,-1.86952312959,-2.98561219157,0.5,174.577835399,374.219966958,-1.59692328657,-2.29473619801,0.0,3.58975553785e-06,1.90698879527e-05,1.26727306534,0.0,0.150092419237,1.95234018165e-05,0.0,0.0,0.0,6.50579165376e-05
465,9.51,160.593463452,409.661905428,-1.86952312959,-2.98561219157,0.5,174.600844434,374.146488236,-1.59647476737,-2.29330386424,0.0,3.51911690726e-06,1.91727057884e-05,1.26727368316,0.0,0.150092403948,1.95064098672e-05,0.0,0.0,0.0,6.49174769245e-05
466,9.53,160.593463452,409.661905428,-1.86952312959,-2.98561219157,0.5,174.623853429,374.07300951,-1.59602624896,-2.2918715304,0.0,3.44860440101e-06,1.92753217204e-05,1.26727429965,0.0,0.150092387303,1.94850288054e-05,0.0,0.0,0.0,6.47770255073e-05
467,9.57,160.593463452,409.661905428,-1.86952312959,-2.98561219157,0.5,174.646862383,373.999530779,-1.59557773133,-2.29043919647,0.0,3.37821842616e-06,1.93777349981e-05,1.26727491482,0.0,0.150092371975,1.94677961192e-05,0.0,0.0,0.0,6.46365569728e-05
468,9.6,160.593463452,409.661905428,-1.86952312959,-2.98561219157,0.5,174.669871296,373.926052045,-1.5951292145,-2.28900686247,0.0,3.30795938922e-06,1.94799448853e-05,1.26727552867,0.0,0.150092352617,1.94376364327e-05,0.0,0.0,0.0,6.44960666263e-05
469,9.62,160.593463452,409.661905428,-1.86952312959,-2.98561219157,0.5,174.692880169,373.852573306,-1.59468069846,-2.28757452838,0.0,3.2378276961e-06,1.95819506596e-05,1.26727614119,0.0,0.15009233591,1.9415893636e-05,0.0,0.0,0.0,6.43555501263e-05
470,9.65,160.593463452,409.661905428,-1.86952312959,-2.98561219157,0.5,174.715889001,373.779094563,-1.59423218321,-2.28614219422,0.0,3.16782375192e-06,1.96837516127e-05,1.26727675238,0.0,0.150092320517,1.93982987554e-05,0.0,0.0,0.0,6.42150036565e-05
471,9.66,160.593463452,409.661905428,-1.86952312959,-2.98561219157,0.5,174.738897794,373.705615817,-1.59378366874,-2.28470985997,0.0,3.09794796052e-06,1.97853470506e-05,1.26727736224,0.0,0.150092305101,1.93805827895e-05,0.0,0.0,0.0,6.40744238424e-05
472,9.68,160.593463452,409.661905428,-1.86952312959,-2.98561219157,0.5,174.761906545,373.632137066,-1.59333515506,-2.28327752565,0.0,3.02820072453e-06,1.98867362931e-05,1.26727797078,0.0,0.150092289662,1.93627455556e-05,0.0,0.0,0.0,6.3933807733e-05
473,9.69,160.593463452,409.661905428,-1.86952312959,-2.98561219157,0.5,174.784915257,373.558658311,-1.59288664216,-2.28184519125,0.0,2.95858244549e-06,1.99879186739e-05,1.26727857799,0.0,0.150092274198,1.93447868451e-05,0.0,0.0,0.0,6.37931527562e-05
474,9.72,160.593463452,409.661905428,-1.86952312959,-2.98561219157,0.5,174.807923929,373.485179552,-1.59243813005,-2.28041285677,0.0,2.88909352303e-06,2.00888935414e-05,1.26727918387,0.0,0.150092258711,1.93267064406e-05,0.0,0.0,0.0,6.36524567941e-05
475,9.74,160.593463452,409.661905428,-1.86952312959,-2.98561219157,0.5,174.83093256,373.41170079,-1.59198961872,-2.27898052222,0.0,2.81973435542e-06,2.01896602578e-05,1.26727978842,0.0,0.150092243197,1.93085041131e-05,0.0,0.0,0.0,6.35117181206e-05
476,9.76,160.593463452,409.661905428,-1.86952312959,-2.98561219157,0.5,174.853941151,373.338222023,-1.59154110816,-2.27754818759,0.0,2.7505053387e-06,2.02902181994e-05,1.26728039165,0.0,0.150092227658,1.92901796256e-05,0.0,0.0,0.0,6.33709353405e-05
477,9.78,160.593463452,409.661905428,-1.86952312959,-2.98561219157,0.5,174.876949702,373.264743253,-1.59109259839,-2.27611585289,0.0,2.68140686717e-06,2.03905667567e-05,1.26728099355,0.0,0.150092212093,1.92717327316e-05,0.0,0.0,0.0,6.32301075357e-05
478,9.81,160.593463452,409.661905428,-1.86952312959,-2.98561219157,0.5,174.899958214,373.191264479,-1.5906440894,-2.27468351811,0.0,2.61243933265e-06,2.04907053349e-05,1.26728159411,0.0,0.150092199693,1.92334152139e-05,0.0,0.0,0.0,6.30892340689e-05
479,9.83,160.593463452,409.661905428,-1.86952312959,-2.98561219157,0.5,174.922966685,373.117785701,-1.59019558118,-2.27325118326,0.0,2.54360312474e-06,2.05906333529e-05,1.26728219335,0.0,0.150092184074,1.92147227163e-05,0.0,0.0,0.0,6.29483146497e-05
480,9.85,160.593463452,409.661905428,-1.86952312959,-2.98561219157,0.5,174.945975117,373.044306919,-1.58974707374,-2.27181884833,0.0,2.47489863053e-06,2.06903502445e-05,1.26728279126,0.0,0.150092168427,1.91959070088e-05,0.0,0.0,0.0,6.28073494085e-05
481,9.86,160.593463452,409.661905428,-1.86952312959,-2.98561219157,0.5,174.968983509,372.970828134,-1.58929856708,-2.27038651333,0.0,2.4063262344e-06,2.07898554575e-05,1.26728338783,0.0,0.150092152751,1.91769678038e-05,0.0,0.0,0.0,6.26663386893e-05
482,9.88,160.593463452,409.661905428,-1.86952312959,-2.98561219157,0.5,174.991991861,372.897349345,-1.58885006119,-2.26895417827,0.0,2.33788631753e-06,2.08891484547e-05,1.26728398308,0.0,0.15009213571,1.91536359999e-05,0.0,0.0,0.0,6.25252832522e-05
483,9.9,160.593463452,409.661905428,-1.86952312959,-2.98561219157,0.5,175.015000174,372.823870552,-1.58840155607,-2.26752184313,0.0,2.26957925829e-06,2.09882287129e-05,1.26728457699,0.0,0.150092119977,1.91344489122e-05,0.0,0.0,0.0,6.23841841473e-05
484,9.92,160.593463452,409.661905428,-1.86952312959,-2.98561219157,0.5,175.038008447,372.750391756,-1.58795305172,-2.26608950792,0.0,2.20140543195e-06,2.10870957241e-05,1.26728516957,0.0,0.150092104214,1.91151374347e-05,0.0,0.0,0.0,6.22430427168e-05
485,9.94,160.593463452,409.661905428,-1.86952312959,-2.98561219157,0.5,175.06101668,372.676912956,-1.58750454814,-2.26465717264,0.0,2.13336521019e-06,2.11857489947e-05,1.26728576082,0.0,0.150092085228,1.91154491738e-05,0.0,0.0,0.0,6.21018605844e-05
486,9.97,160.593463452,409.661905428,-1.86952312959,-2.98561219157,0.5,175.084024874,372.603434153,-1.58705604533,-2.26322483729,0.0,2.06545896108e-06,2.12841880458e-05,1.26728635074,0.0,0.150092069404,1.90958879509e-05,0.0,0.0,0.0,6.19606396832e-05
487,9.97,160.593463452,409.661905428,-1.86952312959,-2.98561219157,0.5,175.107033029,372.529955346,-1.58660754329,-2.26179250187,0.0,1.99768704926e-06,2.13824124137e-05,1.26728693932,0.0,0.15009205355,1.9076201373e-05,0.0,0.0,0.0,6.18193822321e-05
488,10.0,160.593463452,409.661905428,-1.86952312959,-2.98561219157,0.5,175.130041144,372.456476536,-1.58615904202,-2.26036016639,0.0,1.930049835e-06,2.14804216495e-05,1.26728752658,0.0,0.150092037665,1.9056389104e-05,0.0,0.0,0.0,6.16780906671e-05
489,10.02,160.593463452,409.661905428,-1.86952312959,-2.98561219157,0.5,175.153049221,372.382997722,-1.58571054151,-2.25892783084,0.0,1.86254767498e-06,2.1578215319e-05,1.26728811249,0.0,0.150092021748,1.90364508098e-05,0.0,0.0,0.0,6.15367677633e-05
490,10.03,160.593463452,409.661905428,-1.86952312959,-2.98561219157,0.5,175.176057257,372.309518905,-1.58526204176,-2.25749549522,0.0,1.79518092132e-06,2.16757930037e-05,1.26728869708,0.0,0.150092005799,1.90163861429e-05,0.0,0.0,0.0,6.13954164934e-05
491,10.05,160.593463452,409.661905428,-1.86952312959,-2.98561219157,0.5,175.199065255,372.236040084,-1.58481354278,-2.25606315954,0.0,1.72794992211e-06,2.17731543e-05,1.26728928033,0.0,0.150091989819,1.89961947647e-05,0.0,0.0,0.0,6.12540400978e-05
492,10.06,160.593463452,409.661905428,-1.86952312959,-2.98561219157,0.5,175.222073214,372.162561261,-1.58436504456,-2.25463082379,0.0,1.66085502041e-06,2.18702988197e-05,1.26728986225,0.0,0.15009197247,1.89716075005e-05,0.0,0.0,0.0,6.11126420243e-05
493,10.07,160.593463452,409.661905428,-1.86952312959,-2.98561219157,0.5,175.245081134,372.089082433,-1.5839165471,-2.25319848798,0.0,1.59389655485e-06,2.19672261897e-05,1.26729044283,0.0,0.150091956425,1.89511616287e-05,0.0,0.0,0.0,6.09712259759e-05
494,10.1,160.593463452,409.661905428,-1.86952312959,-2.98561219157,0.5,175.268089014,372.015603603,-1.5834680504,-2.25176615211,0.0,1.52707485938e-06,2.20639360525e-05,1.26729102208,0.0,0.150091940347,1.89305879752e-05,0.0,0.0,0.0,6.08297958899e-05
495,10.11,160.593463452,409.661905428,-1.86952312959,-2.98561219157,0.5,175.291096856,371.94212477,-1.58301955446,-2.25033381617,0.0,1.46039026236e-06,2.21604280662e-05,1.2672916,0.0,0.150091929581,1.8926961427e-05,0.0,0.0,0.0,6.06883559211e-05
496,10.13,160.593463452,409.661905428,-1.86952312959,-2.98561219157,0.5,175.314104659,371.868645933,-1.58257105927,-2.24890148018,0.0,1.39384308757e-06,2.22567019046e-05,1.26729217658,0.0,0.1500919049,1.89088037513e-05,0.0,0.0,0.0,6.05469103799e-05
497,10.15,160.593463452,409.661905428,-1.86952312959,-2.98561219157,0.5,175.337112424,371.795167093,-1.58212256484,-2.24746914412,0.0,1.32743365298e-06,2.23527572571e-05,1.26729275183,0.0,0.150091888722,1.888784456e-05,0.0,0.0,0.0,6.04054638498e-05
498,10.18,160.593463452,409.661905428,-1.86952312959,-2.98561219157,0.5,175.360120149,371.72168825,-1.58167407116,-2.246036808,0.0,1.26116227132e-06,2.24485938287e-05,1.26729332574,0.0,0.150091872512,1.88667561232e-05,0.0,0.0,0.0,6.02640210834e-05
499,10.2,160.593463452,409.661905428,-1.86952312959,-2.98561219157,0.5,175.383127836,371.648209404,-1.58122557824,-2.24460447182,0.0,1.19502924951e-06,2.25442113405e-05,1.26729389832,0.0,0.150091856268,1.88455380635e-05,0.0,0.0,0.0,6.01225870049e-05
500,10.22,160.593463452,409.661905428,-1.86952312959,-2.98561219157,0.5,175.406135485,371.574730555,-1.58077708607,-2.24317213558,0.0,1.12903488866e-06,2.26396095299e-05,1.26729446957,0.0,0.15009183999,1.88241900136e-05,0.0,0.0,0.0,5.99811667356e-05
501,10.24,160.593463452,409.661905428,-1.86952312959,-2.98561219157,0.5,175.429143095,371.501251704,-1.58032859465,-2.24173979929,0.0,1.06317948402e-06,2.27347881495e-05,1.26729503948,0.0,0.150091827687,1.88155180422e-05,0.0,0.0,0.0,5.98397655738e-05
502,10.26,160.593463452,409.661905428,-1.86952312959,-2.98561219157,0.5,175.452150666,371.427772849,-1.57988010397,-2.24030746294,0.0,9.97463324564e-07,2.28297469687e-05,1.26729560806,0.0,0.150091811342,1.87939088805e-05,0.0,0.0,0.0,5.96983890072e-05
503,10.27,160.593463452,409.661905428,-1.86952312959,-2.98561219157,0.5,175.475158199,371.354293991,-1.57943161405,-2.23887512653,0.0,9.31886693203e-07,2.2924485773e-05,1.26729617531,0.0,0.150091794963,1.87721685947e-05,0.0,0.0,0.0,5.95570426566e-05
504,10.29,160.593463452,409.661905428,-1.86952312959,-2.98561219157,0.5,175.498165694,371.28081513,-1.57898312487,-2.23744279007,0.0,8.66449866212e-07,2.3019004364e-05,1.26729674122,0.0,0.15009177855,1.87502968121e-05,0.0,0.0,0.0,5.94157323359e-05
505,10.3,160.593463452,409.661905428,-1.86952312959,-2.98561219157,0.5,175.521173151,371.207336267,-1.57853463644,-2.23601045355,0.0,8.01153113465e-07,2.31133025597e-05,1.26729730581,0.0,0.150091758911,1.8748041009e-05,0.0,0.0,0.0,5.92744639603e-05
506,10.3,160.593463452,409.661905428,-1.86952312959,-2.98561219157,0.5,175.544180569,371.133857401,-1.57808614875,-2.23457811698,0.0,7.35996698082e-07,2.32073801946e-05,1.26729786906,0.0,0.15009174243,1.87259050967e-05,0.0,0.0,0.0,5.91332436614e-05
507,10.33,160.593463452,409.661905428,-1.86952312959,-2.98561219157,0.5,175.567187949,371.060378532,-1.57763766181,-2.23314578035,0.0,6.70980876221e-07,2.33012371194e-05,1.26729843098,0.0,0.150091725916,1.87036365485e-05,0.0,0.0,0.0,5.89920776478e-05
508,10.37,160.593463452,409.661905428,-1.86952312959,-2.98561219157,0.5,175.590195292,370.98689966,-1.5771891756,-2.23171344367,0.0,6.06105897154e-07,2.33948732019e-05,1.26729899158,0.0,0.150091713377,1.86940414439e-05,0.0,0.0,0.0,5.88509723317e-05
509,10.38,160.593463452,409.661905428,-1.86952312959,-2.98561219157,0.5,175.613202596,370.913420786,-1.57674069014,-2.23028110694,0.0,5.41372003139e-07,2.34882883261e-05,1.26729955084,0.0,0.150091696795,1.86715065078e-05,0.0,0.0,0.0,5.87099341547e-05
510,10.4,160.593463452,409.661905428,-1.86952312959,-2.98561219157,0.5,175.636209862,370.839941909,-1.57629220542,-2.22884877016,0.0,4.76779428979e-07,2.35814823928e-05,1.26730010877,0.0,0.15009168018,1.8648837813e-05,0.0,0.0,0.0,5.85689698196e-05
511,10.42,160.593463452,409.661905428,-1.86952312959,-2.98561219157,0.5,175.659217091,370.76646303,-1.57584372143,-2.22741643333,0.0,4.12328402235e-07,2.36744553198e-05,1.26730066538,0.0,0.150091663531,1.86260349923e-05,0.0,0.0,0.0,5.84280860322e-05
512,10.43,160.593463452,409.661905428,-1.86952312959,-2.98561219157,0.5,175.682224281,370.692984148,-1.57539523818,-2.22598409645,0.0,3.48019142778e-07,2.37672070413e-05,1.26730122066,0.0,0.150091643656,1.86228454982e-05,0.0,0.0,0.0,5.82872896688e-05
513,10.47,160.593463452,409.661905428,-1.86952312959,-2.98561219157,0.5,175.705231434,370.619505263,-1.57494675566,-2.22455175952,0.0,2.83851862912e-07,2.38597375086e-05,1.26730177462,0.0,0.150091626941,1.85997732986e-05,0.0,0.0,0.0,5.81465877172e-05
514,10.5,160.593463452,409.661905428,-1.86952312959,-2.98561219157,0.5,175.72823855,370.546026376,-1.57449827388,-2.22311942254,0.0,2.19826767229e-07,2.395204669e-05,1.26730232725,0.0,0.150091605664,1.85920448689e-05,0.0,0.0,0.0,5.80059872608e-05
515,10.52,160.593463452,409.661905428,-1.86952312959,-2.98561219157,0.5,175.751245628,370.472547487,-1.57404979284,-2.22168708551,0.0,1.55944052211e-07,2.40441345708e-05,1.26730287856,0.0,0.150091588883,1.85687018236e-05,0.0,0.0,0.0,5.78654954559e-05
516,10.58,160.593463452,409.661905428,-1.86952312959,-2.98561219157,0.5,175.774252668,370.399068595,-1.57360131252,-2.22025474844,0.0,9.22039066333e-08,2.4136001153e-05,1.26730342855,0.0,0.150091572069,1.85452228195e-05,0.0,0.0,0.0,5.77251196277e-05
517,10.58,160.593463452,409.661905428,-1.86952312959,-2.98561219157,0.5,175.797259671,370.325589701,-1.57315283293,-2.21882241133,0.0,2.86065107749e-08,2.42276464559e-05,1.26730397722,0.0,0.150091560568,1.85386827538e-05,0.0,0.0,0.0,5.75848671078e-05
518,10.61,160.593463452,409.661905428,-1.86952312959,-2.98561219157,0.5,175.820266636,370.252110805,-1.57270435407,-2.21739007416,0.0,-3.48479631576e-08,2.43190705158e-05,1.26730452456,0.0,0.15009154369,1.85149307497e-05,0.0,0.0,0.0,5.74447453388e-05
519,10.65,160.593463452,409.661905428,-1.86952312959,-2.98561219157,0.5,175.843273564,370.178631906,-1.57225587594,-2.21595773696,0.0,-9.81593513951e-08,2.44102733863e-05,1.26730507059,0.0,0.150091523588,1.85107895139e-05,0.0,0.0,0.0,5.73047618996e-05
520,10.66,160.593463452,409.661905428,-1.86952312959,-2.98561219157,0.5,175.866280455,370.105153005,-1.57180739854,-2.21452539971,0.0,-1.61327498596e-07,2.45012551381e-05,1.2673056153,0.0,0.150091506646,1.84867630912e-05,0.0,0.0,0.0,5.71649243961e-05
521,10.67,160.593463452,409.661905428,-1.86952312959,-2.98561219157,0.5,175.889287309,370.031674102,-1.57135892185,-2.21309306241,0.0,-2.24352258116e-07,2.4592015859e-05,1.2673061587,0.0,0.150091488337,1.84583301336e-05,0.0,0.0,0.0,5.70252404723e-05
522,10.71,160.593463452,409.661905428,-1.86952312959,-2.98561219157,0.5,175.912294125,369.958195197,-1.5709104459,-2.21166072508,0.0,-2.87233492006e-07,2.46825556541e-05,1.26730670079,0.0,0.150091468141,1.84537757198e-05,0.0,0.0,0.0,5.68857179136e-05
523,10.73,160.593463452,409.661905428,-1.86952312959,-2.98561219157,0.5,175.935300905,369.884716289,-1.57046197066,-2.2102283877,0.0,-3.49971071169e-07,2.47728746458e-05,1.26730724156,0.0,0.150091451107,1.84293351113e-05,0.0,0.0,0.0,5.67463645357e-05
524,10.75,160.593463452,409.661905428,-1.86952312959,-2.98561219157,0.5,175.958307648,369.81123738,-1.57001349615,-2.20879605029,0.0,-4.12564875326e-07,2.48629729735e-05,1.26730778102,0.0,0.150091439387,1.84218310414e-05,0.0,0.0,0.0,5.6607188199e-05
525,10.78,160.593463452,409.661905428,-1.86952312959,-2.98561219157,0.5,175.981314353,369.737758468,-1.56956502235,-2.20736371283,0.0,-4.75014793238e-07,2.49528507943e-05,1.26730831918,0.0,0.150091422293,1.83971126474e-05,0.0,0.0,0.0,5.64681968048e-05
526,10.8,160.593463452,409.661905428,-1.86952312959,-2.98561219157,0.5,176.004321022,369.664279555,-1.56911654927,-2.20593137533,0.0,-5.37320722925e-07,2.50425082822e-05,1.26730885603,0.0,0.150091401977,1.83920026558e-05,0.0,0.0,0.0,5.63293983785e-05
527,10.82,160.593463452,409.661905428,-1.86952312959,-2.98561219157,0.5,176.027327654,369.590800639,-1.56866807691,-2.2044990378,0.0,-5.9948257143e-07,2.51319456288e-05,1.26730939158,0.0,0.150091383488,1.83627363696e-05,0.0,0.0,0.0,5.61908009113e-05
528,10.85,160.593463452,409.661905428,-1.86952312959,-2.98561219157,0.5,176.05033425,369.517321722,-1.56821960526,-2.20306670023,0.0,-6.6150025527e-07,2.52211630427e-05,1.26730992582,0.0,0.150091371652,1.83546741634e-05,0.0,0.0,0.0,5.60524124845e-05
529,10.87,160.593463452,409.661905428,-1.86952312959,-2.98561219157,0.5,176.073340809,369.443842802,-1.56777113433,-2.20163436262,0.0,-7.23373700136e-07,2.531016075e-05,1.26731045877,0.0,0.150091354443,1.83293963811e-05,0.0,0.0,0.0,5.59142411822e-05
530,10.91,160.593463452,409.661905428,-1.86952312959,-2.98561219157,0.5,176.096347331,369.370363881,-1.56732266411,-2.20020202498,0.0,-7.85102841463e-07,2.5398938994e-05,1.26731099042,0.0,0.150091334014,1.83237257537e-05,0.0,0.0,0.0,5.57762951545e-05
531,10.96,160.593463452,409.661905428,-1.86952312959,-2.98561219157,0.5,176.119353817,369.296884958,-1.5668741946,-2.1987696873,0.0,-8.46687624043e-07,2.54874980354e-05,1.26731152078,0.0,0.15009131675,1.82981664542e-05,0.0,0.0,0.0,5.56385825467e-05
532,10.99,160.593463452,409.661905428,-1.86952312959,-2.98561219157,0.5,176.142360266,369.223406034,-1.5664257258,-2.19733734958,0.0,-9.08128002292e-07,2.55758381518e-05,1.26731204984,0.0,0.15009129493,1.82879449033e-05,0.0,0.0,0.0,5.55011115395e-05
533,11.02,160.593463452,409.661905428,-1.86952312959,-2.98561219157,0.5,176.165366679,369.149927107,-1.56597725771,-2.19590501184,0.0,-9.69423940428e-07,2.56639596385e-05,1.26731257761,0.0,0.150091282959,1.827917821e-05,0.0,0.0,0.0,5.53638903289e-05
534,11.04,160.593463452,409.661905428,-1.86952312959,-2.98561219157,0.5,176.188373056,369.076448179,-1.56552879033,-2.19447267405,0.0,-1.03057541253e-06,2.57518628077e-05,1.2673131041,0.0,0.150091265617,1.82531945019e-05,0.0,0.0,0.0,5.52269272032e-05
535,11.08,160.593463452,409.661905428,-1.86952312959,-2.98561219157,0.5,176.211379397,369.002969249,-1.56508032365,-2.19304033624,0.0,-1.09158240238e-06,2.58395479887e-05,1.2673136293,0.0,0.150091245057,1.82468165317e-05,0.0,0.0,0.0,5.50902303667e-05
536,11.1,160.593463452,409.661905428,-1.86952312959,-2.98561219157,0.5,176.234385701,368.929490318,-1.56463185767,-2.1916079984,0.0,-1.15244490374e-06,2.59270155283e-05,1.26731415322,0.0,0.150091227665,1.82205485394e-05,0.0,0.0,0.0,5.49538080413e-05
537,11.13,160.593463452,409.661905428,-1.86952312959,-2.98561219157,0.5,176.25739197,368.856011385,-1.5641833924,-2.19017566052,0.0,-1.21316292048e-06,2.60142657902e-05,1.26731467586,0.0,0.150091205721,1.82096169491e-05,0.0,0.0,0.0,5.48176685164e-05
538,11.13,160.593463452,409.661905428,-1.86952312959,-2.98561219157,0.5,176.280398202,368.78253245,-1.56373492783,-2.18874332261,0.0,-1.27373646622e-06,2.61012991551e-05,1.26731519723,0.0,0.150091193628,1.82001389393e-05,0.0,0.0,0.0,5.46818199884e-05
539,11.15,160.593463452,409.661905428,-1.86952312959,-2.98561219157,0.5,176.303404399,368.709053514,-1.56328646396,-2.18731098467,0.0,-1.33416556513e-06,2.61881160208e-05,1.26731571732,0.0,0.150091176167,1.81734426489e-05,0.0,0.0,0.0,5.45462707962e-05
540,11.17,160.593463452,409.661905428,-1.86952312959,-2.98561219157,0.5,176.32641056,368.635574576,-1.56283800078,-2.18587864671,0.0,-1.39445025114e-06,2.6274716802e-05,1.26731623614,0.0,0.150091155491,1.81663508465e-05,0.0,0.0,0.0,5.44110291296e-05
541,11.2,160.593463452,409.661905428,-1.86952312959,-2.98561219157,0.5,176.349416685,368.562095637,-1.56238953831,-2.18444630871,0.0,-1.45459056848e-06,2.63611019304e-05,1.2673167537,0.0,0.150091143332,1.81564431284e-05,0.0,0.0,0.0,5.42761032396e-05
542,11.23,160.593463452,409.661905428,-1.86952312959,-2.98561219157,0.5,176.372422774,368.488616696,-1.56194107653,-2.18301397069,0.0,-1.51458657177e-06,2.64472718545e-05,1.26731726999,0.0,0.150091124471,1.81250476468e-05,0.0,0.0,0.0,5.41415013455e-05
543,11.24,160.593463452,409.661905428,-1.86952312959,-2.98561219157,0.5,176.395428828,368.415137755,-1.56149261544,-2.18158163264,0.0,-1.57443832597e-06,2.65332270396e-05,1.26731778503,0.0,0.150091103733,1.81175248216e-05,0.0,0.0,0.0,5.40072316685e-05
544,11.25,160.593463452,409.661905428,-1.86952312959,-2.98561219157,0.5,176.418434846,368.341658811,-1.56104415504,-2.18014929457,0.0,-1.63414590617e-06,2.66189679677e-05,1.2673182988,0.0,0.150091082977,1.81098579119e-05,0.0,0.0,0.0,5.3873302381e-05
545,11.26,160.593463452,409.661905428,-1.86952312959,-2.98561219157,0.5,176.441440829,368.268179867,-1.56059569534,-2.17871695647,0.0,-1.69370939795e-06,2.67044951373e-05,1.26731881133,0.0,0.150091065394,1.80822990189e-05,0.0,0.0,0.0,5.37397216492e-05
546,11.29,160.593463452,409.661905428,-1.86952312959,-2.98561219157,0.5,176.464446776,368.194700921,-1.56014723633,-2.17728461834,0.0,-1.75312889736e-06,2.67898090638e-05,1.2673193226,0.0,0.150091053139,1.807167095e-05,0.0,0.0,0.0,5.36064976015e-05
547,11.32,160.593463452,409.661905428,-1.86952312959,-2.98561219157,0.5,176.487452688,368.121221974,-1.559698778,-2.17585228019,0.0,-1.81240451087e-06,2.68749102786e-05,1.26731983263,0.0,0.150091030993,1.80593018769e-05,0.0,0.0,0.0,5.3473638377e-05
548,11.33,160.593463452,409.661905428,-1.86952312959,-2.98561219157,0.5,176.510458565,368.047743025,-1.55925032036,-2.17441994201,0.0,-1.87153635544e-06,2.69597993299e-05,1.26732034142,0.0,0.15009101336,1.80313091325e-05,0.0,0.0,0.0,5.33411520194e-05
549,11.35,160.593463452,409.661905428,-1.86952312959,-2.98561219157,0.5,176.533464407,367.974264076,-1.55880186341,-2.17298760382,0.0,-1.93052455843e-06,2.70444767821e-05,1.26732084897,0.0,0.150091001056,1.80202467267e-05,0.0,0.0,0.0,5.3209046564e-05
550,11.37,160.593463452,409.661905428,-1.86952312959,-2.98561219157,0.5,176.556470214,367.900785125,-1.55835340714,-2.17155526559,0.0,-1.989369258e-06,2.71289432156e-05,1.26732135528,0.0,0.1500909802,1.8011711658e-05,0.0,0.0,0.0,5.3077330002e-05
551,11.38,160.593463452,409.661905428,-1.86952312959,-2.98561219157,0.5,176.579475985,367.827306173,-1.55790495156,-2.17012292735,0.0,-2.04807060263e-06,2.7213199227e-05,1.26732186037,0.0,0.150090957994,1.79987625452e-05,0.0,0.0,0.0,5.2946010328e-05
552,11.4,160.593463452,409.661905428,-1.86952312959,-2.98561219157,0.5,176.602481722,367.75382722,-1.55745649665,-2.16869058909,0.0,-2.10662875139e-06,2.72972454289e-05,1.26732236422,0.0,0.150090940304,1.79701892182e-05,0.0,0.0,0.0,5.2815095383e-05
553,11.42,160.593463452,409.661905428,-1.86952312959,-2.98561219157,0.5,176.625487424,367.680348266,-1.55700804242,-2.1672582508,0.0,-2.16504387391e-06,2.73810824498e-05,1.26732286686,0.0,0.150090927947,1.79585457109e-05,0.0,0.0,0.0,5.26845930782e-05
554,11.45,160.593463452,409.661905428,-1.86952312959,-2.98561219157,0.5,176.648493091,367.606869311,-1.55655958887,-2.1658259125,0.0,-2.22331615049e-06,2.74647109337e-05,1.26732336828,0.0,0.15009090704,1.79494290381e-05,0.0,0.0,0.0,5.25545111444e-05
555,11.46,160.593463452,409.661905428,-1.86952312959,-2.98561219157,0.5,176.671498723,367.533390355,-1.556111136,-2.16439357417,0.0,-2.28144577197e-06,2.75481315406e-05,1.26732386848,0.0,0.150090886123,1.79401666928e-05,0.0,0.0,0.0,5.24248573894e-05
556,11.48,160.593463452,409.661905428,-1.86952312959,-2.98561219157,0.5,176.694504321,367.459911398,-1.55566268381,-2.16296123583,0.0,-2.33943293986e-06,2.76313449459e-05,1.26732436747,0.0,0.150090872398,1.79238173763e-05,0.0,0.0,0.0,5.22956394673e-05
557,11.51,160.593463452,409.661905428,-1.86952312959,-2.98561219157,0.5,176.717509884,367.38643244,-1.55521423228,-2.16152889747,0.0,-2.39727786618e-06,2.77143518399e-05,1.26732486526,0.0,0.150090854655,1.78945157815e-05,0.0,0.0,0.0,5.21668650202e-05
558,11.54,160.593463452,409.661905428,-1.86952312959,-2.98561219157,0.5,176.740515413,367.312953481,-1.55476578143,-2.16009655909,0.0,-2.45498077346e-06,2.77971529291e-05,1.26732536185,0.0,0.150090833712,1.78848159509e-05,0.0,0.0,0.0,5.20385415768e-05
559,11.58,160.593463452,409.661905428,-1.86952312959,-2.98561219157,0.5,176.763520907,367.239474521,-1.55431733125,-2.15866422069,0.0,-2.51254189487e-06,2.78797489342e-05,1.26732585724,0.0,0.1500908213,1.78722977796e-05,0.0,0.0,0.0,5.19106766486e-05
560,11.6,160.593463452,409.661905428,-1.86952312959,-2.98561219157,0.5,176.786526367,367.165995561,-1.55386888174,-2.15723188227,0.0,-2.56996147424e-06,2.79621405912e-05,1.26732635144,0.0,0.150090799007,1.78580371735e-05,0.0,0.0,0.0,5.17832776266e-05
561,11.63,160.593463452,409.661905428,-1.86952312959,-2.98561219157,0.5,176.809531792,367.092516599,-1.5534204329,-2.15579954384,0.0,-2.62723976581e-06,2.8044328651e-05,1.26732684445,0.0,0.150090778046,1.78478993437e-05,0.0,0.0,0.0,5.16563518904e-05
562,11.65,160.593463452,409.661905428,-1.86952312959,-2.98561219157,0.5,176.832537184,367.019037637,-1.55297198472,-2.15436720539,0.0,-2.6843770345e-06,2.81263138788e-05,1.26732733629,0.0,0.150090765618,1.78349430684e-05,0.0,0.0,0.0,5.15299066708e-05
563,11.69,160.593463452,409.661905428,-1.86952312959,-2.98561219157,0.5,176.855542541,366.945558674,-1.5525235372,-2.15293486693,0.0,-2.7413735555e-06,2.82080970547e-05,1.26732782694,0.0,0.150090744649,1.78245130948e-05,0.0,0.0,0.0,5.14039491499e-05
564,11.72,160.593463452,409.661905428,-1.86952312959,-2.98561219157,0.5,176.878547865,366.87207971,-1.55207509035,-2.15150252845,0.0,-2.79822961486e-06,2.82896789731e-05,1.26732831642,0.0,0.150090730879,1.78069958441e-05,0.0,0.0,0.0,5.12784864658e-05
565,11.75,160.593463452,409.661905428,-1.86952312959,-2.98561219157,0.5,176.901553154,366.798600745,-1.55162664416,-2.15007018996,0.0,-2.85494550872e-06,2.83710604423e-05,1.26732880474,0.0,0.1500907131,1.77765260678e-05,0.0,0.0,0.0,5.11535256119e-05
566,11.77,160.593463452,409.661905428,-1.86952312959,-2.98561219157,0.5,176.92455841,366.72512178,-1.55117819864,-2.14863785146,0.0,-2.91152154374e-06,2.84522422848e-05,1.26732929189,0.0,0.150090692127,1.77656578666e-05,0.0,0.0,0.0,5.10290735164e-05
567,11.8,160.593463452,409.661905428,-1.86952312959,-2.98561219157,0.5,176.947563632,366.651642814,-1.55072975376,-2.14720551294,0.0,-2.96795803706e-06,2.85332253367e-05,1.26732977788,0.0,0.150090671154,1.775464363e-05,0.0,0.0,0.0,5.09051370298e-05
568,11.83,160.593463452,409.661905428,-1.86952312959,-2.98561219157,0.5,176.97056882,366.578163847,-1.55028130955,-2.1457731744,0.0,-3.02425531616e-06,2.86140104481e-05,1.26733026273,0.0,0.150090657385,1.77365422222e-05,0.0,0.0,0.0,5.07817228773e-05
569,11.86,160.593463452,409.661905428,-1.86952312959,-2.98561219157,0.5,176.993573975,366.50468488,-1.54983286599,-2.14434083586,0.0,-3.08041371878e-06,2.86945984823e-05,1.26733074642,0.0,0.150090636417,1.77252360418e-05,0.0,0.0,0.0,5.06588377361e-05
570,11.88,160.593463452,409.661905428,-1.86952312959,-2.98561219157,0.5,177.016579096,366.431205912,-1.54938442309,-2.1429084973,0.0,-3.13643359288e-06,2.87749903159e-05,1.26733122897,0.0,0.15009062399,1.77111116303e-05,0.0,0.0,0.0,5.05364881291e-05
571,11.91,160.593463452,409.661905428,-1.86952312959,-2.98561219157,0.5,177.039584183,366.357726943,-1.54893598084,-2.14147615873,0.0,-3.19231529678e-06,2.88551868387e-05,1.26733171039,0.0,0.150090603031,1.76995137518e-05,0.0,0.0,0.0,5.04146805224e-05
572,11.94,160.593463452,409.661905428,-1.86952312959,-2.98561219157,0.5,177.062589237,366.284247974,-1.54848753924,-2.14004382015,0.0,-3.24805919882e-06,2.89351889531e-05,1.26733219068,0.0,0.15009058074,1.7683501316e-05,0.0,0.0,0.0,5.02934212668e-05
573,11.96,160.593463452,409.661905428,-1.86952312959,-2.98561219157,0.5,177.085594258,366.210769004,-1.54803909828,-2.13861148156,0.0,-3.3036656775e-06,2.90149975748e-05,1.26733266984,0.0,0.15009056833,1.76689397302e-05,0.0,0.0,0.0,5.01727165944e-05
574,11.98,160.593463452,409.661905428,-1.86952312959,-2.98561219157,0.5,177.109632415,366.141291109,-1.54757051823,-2.13725713663,0.0,-0.000724558090954,-0.000421497507055,1.26713714434,0.0,0.143213646315,-0.00423805471493,0.0,0.0,0.0,-0.0196314118909
575,12.02,160.593463452,409.661905428,-1.86952312959,-2.98561219157,0.5,177.131736303,366.071312663,-1.54713964322,-2.13589303437,0.0,-0.00128469534491,-0.000859759760658,1.26698512735,0.0,0.14303923861,-0.000306151938408,0.0,0.0,0.0,-0.0152898193963
576,12.05,160.593463452,409.661905428,-1.86952312959,-2.98561219157,0.5,177.15310605,365.998747886,-1.54672307895,-2.13447851631,0.0,-0.00179031571418,-0.00155254233341,1.2669529082,0.0,0.147423759934,0.00256902269766,0.0,0.0,0.0,-0.00330643921376
577,12.09,160.593463452,409.661905428,-1.86952312959,-2.98561219157,0.5,177.174223128,365.925763957,-1.54631144001,-2.13305582761,0.0,-0.00210820989451,-0.00227865076098,1.26695564681,0.0,0.148056809472,0.00328598396418,0.0,0.0,0.0,0.000204516158113
578,12.11,160.593463452,409.661905428,-1.86952312959,-2.98561219157,0.5,177.194008907,365.853384153,-1.5459257523,-2.13164491526,0.0,-0.00227237526391,-0.00313392954721,1.26688764096,0.0,0.146151785796,0.00542836398967,0.0,0.0,0.0,-0.00687872451339
579,12.14,160.593463452,409.661905428,-1.86952312959,-2.98561219157,0.5,177.197624587,365.784100573,-1.5458552712,-2.13029435815,0.0,0.000147689984449,-0.00255918061897,1.26684383355,0.0,0.130962085698,0.03371987388,0.0,0.0,0.0,-0.00368940826417
580,12.19,160.593463452,409.661905428,-1.86952312959,-2.98561219157,0.5,177.220609532,365.724283497,-1.54540722161,-2.12912833328,0.0,7.93099970297e-05,0.00159096143766,1.26698449815,0.0,0.124602757629,-0.00789020826863,0.0,0.0,0.0,0.0142799280004
581,12.2,160.593463452,409.661905428,-1.86952312959,-2.98561219157,0.5,177.262271468,365.659099105,-1.5445950981,-2.12785768236,0.0,-0.00488676618045,-0.000197742046797,1.2664148521,0.0,0.14547977399,-0.0394606633035,0.0,0.0,0.0,-0.0567590620285
582,12.22,160.593463452,409.661905428,-1.86952312959,-2.98561219157,0.5,177.281009651,365.596995586,-1.54422983136,-2.12664708744,0.0,-0.00693641413267,-0.000482147929146,1.26576448971,0.0,0.126416643679,0.00153681554853,0.0,0.0,0.0,-0.0651027386115
583,12.26,160.593463452,409.661905428,-1.86952312959,-2.98561219157,0.5,177.288372294,365.536857348,-1.54408631006,-2.1254748021,0.0,-0.00679437006698,0.000444589750389,1.26511537479,0.0,0.116101711382,0.0216194710523,0.0,0.0,0.0,-0.064909241308
584,12.29,160.593463452,409.661905428,-1.86952312959,-2.98561219157,0.5,177.308646218,365.468490084,-1.54369110686,-2.12414210689,0.0,-0.00744501467582,-0.000259363410073,1.26484657329,0.0,0.138931554775,0.00243222605506,0.0,0.0,0.0,-0.0269425473405
585,12.32,160.593463452,409.661905428,-1.86952312959,-2.98561219157,0.5,177.329319627,365.398508443,-1.54328811643,-2.12277794236,0.0,-0.00772978125004,-0.00104524740271,1.26477012179,0.0,0.142203083628,0.00267689017786,0.0,0.0,0.0,-0.00770236736172
586,12.33,160.593463452,409.661905428,-1.86952312959,-2.98561219157,0.5,177.350999148,365.326780832,-1.54286551368,-2.12137974331,0.0,-0.00779316677521,-0.00200289659811,1.26474949048,0.0,0.146040175694,0.0018341705503,0.0,0.0,0.0,-0.00211147798248
587,12.35,160.593463452,409.661905428,-1.86952312959,-2.98561219157,0.5,177.373594423,365.25439084,-1.54242505998,-2.11996863237,0.0,-0.00775368763421,-0.00313550298165,1.26474589866,0.0,0.147811123801,0.000514064070361,0.0,0.0,0.0,-0.000394997466277
588,12.39,160.593463452,409.661905428,-1.86952312959,-2.98561219157,0.5,177.381764297,365.18455247,-1.54226580318,-2.11860726062,0.0,-0.00523887558249,-0.00290302479004,1.26475529203,0.0,0.134596065861,0.0258541886189,0.0,0.0,0.0,0.00170092655004
589,12.41,160.593463452,409.661905428,-1.86952312959,-2.98561219157,0.5,177.381370499,365.11642121,-1.54227347955,-2.11727916588,0.0,-0.000552229893244,-0.00143982773306,1.26479658268,0.0,0.126392774711,0.040764628828,0.0,0.0,0.0,0.00514910274633
590,12.43,160.593463452,409.661905428,-1.86952312959,-2.98561219157,0.5,177.374479526,365.049695629,-1.54240780651,-2.11597847231,0.0,0.00633923786647,0.00128584764044,1.26489751216,0.0,0.119965302262,0.0520023721972,0.0,0.0,0.0,0.0101486543148
591,12.45,160.593463452,409.661905428,-1.86952312959,-2.98561219157,0.5,177.417584922,364.982752227,-1.54156754538,-2.1146735327,0.0,0.000758798399064,0.000603164483485,1.26482280799,0.0,0.149762656829,-0.0408481023667,0.0,0.0,0.0,-0.00696533230128
592,12.47,160.593463452,409.661905428,-1.86952312959,-2.98561219157,0.5,177.444060813,364.911457293,-1.54105144614,-2.11328376789,0.0,-0.00228102824086,0.000447850448369,1.26480193116,0.0,0.148052930984,-0.00733898357051,0.0,0.0,0.0,-0.001965393845
593,12.49,160.593463452,409.661905428,-1.86952312959,-2.98561219157,0.5,177.499983712,364.856475802,-1.53996133115,-2.11221200393,0.0,-0.0105627334415,-0.00162011755477,1.26343598606,0.0,0.135009738669,-0.0715354193428,0.0,0.0,0.0,-0.137222378544
594,12.5,160.593463452,409.661905428,-1.86952312959,-2.98561219157,0.5,177.531816512,364.80599515,-1.53934080874,-2.11122797563,0.0,-0.0157459355457,-0.0020022323389,1.262067114,0.0,0.112528195121,-0.0291962227288,0.0,0.0,0.0,-0.137823658314
595,12.53,160.593463452,409.661905428,-1.86952312959,-2.98561219157,0.5,177.552749136,364.757434327,-1.53893276537,-2.1102813709,0.0,-0.018828297473,-0.0012177713139,1.26069463359,0.0,0.102548002163,-0.00993949526434,0.0,0.0,0.0,-0.137742554336
596,12.55,160.593463452,409.661905428,-1.86952312959,-2.98561219157,0.5,177.564664678,364.710618328,-1.5387004936,-2.10936877832,0.0,-0.0196809695051,0.000838365260473,1.25934364685,0.0,0.0939623859577,0.00590574155356,0.0,0.0,0.0,-0.135112931839
597,12.58,160.593463452,409.661905428,-1.86952312959,-2.98561219157,0.5,177.560001814,364.644345189,-1.53879138764,-2.10807690428,0.0,-0.0165048331752,0.0010332478069,1.25822663508,0.0,0.120182683773,0.0484196424577,0.0,0.0,0.0,-0.111983356794
598,12.6,160.593463452,409.661905428,-1.86952312959,-2.98561219157,0.5,177.553334685,364.574316521,-1.53892135118,-2.10671182302,0.0,-0.0110101256411,0.000650456835435,1.25733087187,0.0,0.125901389274,0.0544774207599,0.0,0.0,0.0,-0.0900268197908
599,12.61,160.593463452,409.661905428,-1.86952312959,-2.98561219157,0.5,177.589694435,364.50209985,-1.53821258411,-2.10530409063,0.0,-0.0122298821304,-0.00359613189954,1.25707191355,0.0,0.155759067728,-0.0240163052417,0.0,0.0,0.0,-0.0261740088525
600,12.61,160.593463452,409.661905428,-1.86952312959,-2.98561219157,0.5,177.607334541,364.428326098,-1.5378687224,-2.10386600581,0.0,-0.0107482889771,-0.00673629678233,1.25718929689,0.0,0.147390461489,0.0116720317537,0.0,0.0,0.0,0.0125001551745
601,12.64,160.593463452,409.661905428,-1.86952312959,-2.98561219157,0.5,177.614631658,364.356008244,-1.5377264784,-2.10245630105,0.0,-0.00715447890829,-0.00872017609376,1.25729715168,0.0,0.138470016912,0.0299672962756,0.0,0.0,0.0,0.0135651246164
602,12.65,160.593463452,409.661905428,-1.86952312959,-2.98561219157,0.5,177.614125285,364.284992027,-1.53773634922,-2.10107196934,0.0,-0.00141665562735,-0.00950065869983,1.25740817229,0.0,0.131364535451,0.0436422092784,0.0,0.0,0.0,0.016332101999
603,12.67,160.593463452,409.661905428,-1.86952312959,-2.98561219157,0.5,177.607510926,364.215010671,-1.5378652841,-2.09970781035,0.0,0.00653258937318,-0.00903291975865,1.25753904952,0.0,0.125774661648,0.0543288058193,0.0,0.0,0.0,0.0204572557204
604,12.69,160.593463452,409.661905428,-1.86952312959,-2.98561219157,0.5,177.663551367,364.185521974,-1.53677287784,-2.09913298196,0.0,0.00110427808881,0.00118666321976,1.25682635186,0.0,0.0883250277102,-0.0861160496742,0.0,0.0,0.0,-0.0734110987028
605,12.71,160.593463452,409.661905428,-1.86952312959,-2.98561219157,0.5,177.672814501,364.108877992,-1.53659230992,-2.0976389472,0.0,0.00371305851909,0.00641975883264,1.25672306709,0.0,0.147711776422,0.029025547906,0.0,0.0,0.0,-0.0112318909132
606,12.74,160.593463452,409.661905428,-1.86952312959,-2.98561219157,0.5,177.683148414,364.031904007,-1.53639086913,-2.09613847966,0.0,0.00693185555988,0.0108465776145,1.25663549159,0.0,0.148943300305,0.0272251097196,0.0,0.0,0.0,-0.0115359007951
607,12.77,160.593463452,409.661905428,-1.86952312959,-2.98561219157,0.5,177.698238648,363.958128158,-1.53609671251,-2.09470035396,0.0,0.00981156597989,0.0149890307675,1.25657132454,0.0,0.145878920264,0.0164762757412,0.0,0.0,0.0,-0.0101593527836
608,12.8,160.593463452,409.661905428,-1.86952312959,-2.98561219157,0.5,177.715976273,363.885763356,-1.53575094984,-2.09328973404,0.0,0.0124279836405,0.0188257003859,1.25652938719,0.0,0.144853706514,0.0107300260742,0.0,0.0,0.0,-0.00861750202026
609,12.82,160.593463452,409.661905428,-1.86952312959,-2.98561219157,0.5,177.735178391,363.813988126,-1.53537663956,-2.09189060674,0.0,0.0148446016365,0.0223598411246,1.25650170392,0.0,0.144642382228,0.00766275041462,0.0,0.0,0.0,-0.00774496268243
610,12.83,160.593463452,409.661905428,-1.86952312959,-2.98561219157,0.5,177.979421344,363.713319864,-1.53061556834,-2.08992826245,0.0,-0.0168796935469,0.00603009471299,1.25794121426,0.0,0.286199776601,-0.281991511084,0.0,0.0,0.0,0.159487642302
611,12.85,160.593463452,409.661905428,-1.86952312959,-2.98561219157,0.5,178.085009806,363.58884015,-1.52855731372,-2.08750175731,0.0,-0.0308639948667,-0.00795087874867,1.26191259028,0.0,0.294217762864,-0.121826818243,0.0,0.0,0.0,0.395582950698
612,12.9,160.593463452,409.661905428,-1.86952312959,-2.98561219157,0.5,178.067810156,363.479569623,-1.52889258955,-2.08537172754,0.0,-0.0299518681432,-0.014265011025,1.26526228923,0.0,0.192961031397,0.0963449067825,0.0,0.0,0.0,0.335992733513
613,12.94,160.593463452,409.661905428,-1.86952312959,-2.98561219157,0.5,178.051811613,363.369463128,-1.52920445198,-2.08322540211,0.0,-0.0291079225173,-0.0206411393849,1.26856543359,0.0,0.195590899277,0.0938463389232,0.0,0.0,0.0,0.3317876177
614,12.97,160.593463452,409.661905428,-1.86952312959,-2.98561219157,0.5,178.035584463,363.259282773,-1.5295207707,-2.08107763691,0.0,-0.0282721279556,-0.0270180624374,1.27186222326,0.0,0.195902263935,0.093668713699,0.0,0.0,0.0,0.331670758242
615,12.98,160.593463452,409.661905428,-1.86952312959,-2.98561219157,0.5,178.019112627,363.149037835,-1.52984185912,-2.07892861276,0.0,-0.0274437872202,-0.0333956947173,1.27515298847,0.0,0.196187581754,0.0935159587288,0.0,0.0,0.0,0.331578615822
616,13.01,160.593463452,409.661905428,-1.86952312959,-2.98561219157,0.5,177.968646728,363.043561886,-1.53082559985,-2.07687255139,0.0,-0.0202383256018,-0.0363723494464,1.27818415453,0.0,0.168246367887,0.153657023318,0.0,0.0,0.0,0.32825570505
617,13.03,160.593463452,409.661905428,-1.86952312959,-2.98561219157,0.5,177.922176747,362.934589222,-1.53173144742,-2.07474832792,0.0,-0.0115523221229,-0.0386997392455,1.28098800821,0.0,0.17742968446,0.147576088046,0.0,0.0,0.0,0.313022163667
618,13.06,160.593463452,409.661905428,-1.86952312959,-2.98561219157,0.5,177.876475162,362.823629441,-1.53262231652,-2.07258536923,0.0,-0.00149093427595,-0.0403990437154,1.28361927753,0.0,0.181927917421,0.146746504064,0.0,0.0,0.0,0.302941203003
619,13.08,160.593463452,409.661905428,-1.86952312959,-2.98561219157,0.5,177.831366568,362.71315614,-1.53350162636,-2.07043189356,0.0,0.0104580460729,-0.0410139334469,1.28626770546,0.0,0.181664625498,0.144852280102,0.0,0.0,0.0,0.313512714943
620,13.09,160.593463452,409.661905428,-1.86952312959,-2.98561219157,0.5,177.889905504,362.656692078,-1.53236051649,-2.06933122958,0.0,0.000550220005721,-0.0380110170025,1.2855408098,0.0,0.137654974726,-0.0785377081287,0.0,0.0,0.0,-0.111915291602
621,13.14,160.593463452,409.661905428,-1.86952312959,-2.98561219157,0.5,177.920833793,362.603972529,-1.53175762587,-2.06830355808,0.0,-0.00629672521659,-0.0334986246003,1.28461620312,0.0,0.11551936615,-0.0287691024999,0.0,0.0,0.0,-0.116932793403
622,13.17,160.593463452,409.661905428,-1.86952312959,-2.98561219157,0.5,177.937706899,362.553824322,-1.53142871542,-2.06732601018,0.0,-0.0109732060726,-0.0278274208002,1.28360772591,0.0,0.103003016308,-0.0037829778272,0.0,0.0,0.0,-0.11518212395
623,13.19,160.593463452,409.661905428,-1.86952312959,-2.98561219157,0.5,177.943456153,362.505953594,-1.53131664419,-2.06639285758,0.0,-0.0133437673869,-0.0208746587472,1.28256397168,0.0,0.0926065004501,0.0158693900644,0.0,0.0,0.0,-0.110144172212
624,13.22,160.593463452,409.661905428,-1.86952312959,-2.98561219157,0.5,177.941799897,362.4598796,-1.53134892989,-2.06549472905,0.0,-0.0134599658217,-0.0126234556481,1.28154140685,0.0,0.0851347375353,0.0288137083441,0.0,0.0,0.0,-0.102447882126
625,13.24,160.593463452,409.661905428,-1.86952312959,-2.98561219157,0.5,177.982323369,362.398885621,-1.53055899865,-2.0643057626,0.0,-0.0200682519807,-0.0088295308589,1.28118709443,0.0,0.13647076484,-0.0417497714959,0.0,0.0,0.0,-0.0425740974852
626,13.26,160.593463452,409.661905428,-1.86952312959,-2.98561219157,0.5,178.004081312,362.336870023,-1.53013486721,-2.06309688154,0.0,-0.0242875650138,-0.004106452914,1.28105630151,0.0,0.127953700802,-0.00608836537275,0.0,0.0,0.0,-0.0158179031517
627,13.29,160.593463452,409.661905428,-1.86952312959,-2.98561219157,0.5,178.023976964,362.272725603,-1.52974703774,-2.06184650298,0.0,-0.0277500079086,0.000828722428365,1.28104839704,0.0,0.130901616748,-0.00143071144262,0.0,0.0,0.0,-0.00136501482487
628,13.33,160.593463452,409.661905428,-1.86952312959,-2.98561219157,0.5,178.038916487,362.188221999,-1.52945581896,-2.06019925925,0.0,-0.028587397273,0.00127284610109,1.28070553551,0.0,0.166220100341,0.0192560262446,0.0,0.0,0.0,-0.0343789297498
629,13.35,160.593463452,409.661905428,-1.86952312959,-2.98561219157,0.5,178.044494846,362.100164283,-1.52934707903,-2.05848273457,0.0,-0.0267708919789,0.000792448131847,1.28076703092,0.0,0.167624557471,0.0387090605535,0.0,0.0,0.0,0.00588194211997
630,13.37,160.593463452,409.661905428,-1.86952312959,-2.98561219157,0.5,178.05099365,362.015766049,-1.52922039669,-2.05683754481,0.0,-0.0227070370828,0.000286556355815,1.28117292512,0.0,0.161277994354,0.0348669174445,0.0,0.0,0.0,0.0403830486629
631,13.4,160.593463452,409.661905428,-1.86952312959,-2.98561219157,0.5,178.056414447,361.934054402,-1.52911472812,-2.05524472518,0.0,-0.0161243544428,8.15520535419e-05,1.2814780475,0.0,0.155655255869,0.0353412448641,0.0,0.0,0.0,0.0303835553574
632,13.41,160.593463452,409.661905428,-1.86952312959,-2.98561219157,0.5,178.115546419,361.857093307,-1.52796205811,-2.05374450891,0.0,-0.0235891165952,-0.00785310864568,1.28124291404,0.0,0.176644948446,-0.0676761812383,0.0,0.0,0.0,-0.0265043930432
633,13.45,160.593463452,409.661905428,-1.86952312959,-2.98561219157,0.5,178.140936065,361.786634996,-1.52746713324,-2.05237105255,0.0,-0.027193779496,-0.0137208554368,1.28092722134,0.0,0.145727818524,-0.00815756171048,0.0,0.0,0.0,-0.0354549690506
634,13.48,160.593463452,409.661905428,-1.86952312959,-2.98561219157,0.5,178.156316607,361.718004492,-1.52716731761,-2.05103322596,0.0,-0.0289782773718,-0.0185838470995,1.28060000607,0.0,0.136746604079,0.00955751315473,0.0,0.0,0.0,-0.0356022263245
635,13.49,160.593463452,409.661905428,-1.86952312959,-2.98561219157,0.5,178.162029303,361.651442976,-1.527055959,-2.04973573052,0.0,-0.0285821152242,-0.0222058490891,1.28027361544,0.0,0.12748794216,0.0265114594284,0.0,0.0,0.0,-0.0318289159098
636,13.53,160.593463452,409.661905428,-1.86952312959,-2.98561219157,0.5,178.16068795,361.586459967,-1.52708210624,-2.0484690052,0.0,-0.0259396716486,-0.0245331513088,1.27995107365,0.0,0.120593779107,0.0388522774504,0.0,0.0,0.0,-0.0260766585001
637,13.55,160.593463452,409.661905428,-1.86952312959,-2.98561219157,0.5,178.155393387,361.522375564,-1.5271853141,-2.04721979657,0.0,-0.021138388443,-0.0256073145185,1.27963670858,0.0,0.116693197048,0.0457774230254,0.0,0.0,0.0,-0.0193975810196
638,13.58,160.593463452,409.661905428,-1.86952312959,-2.98561219157,0.5,178.148266276,361.458680574,-1.52732424413,-2.04597817883,0.0,-0.0142513968309,-0.025469578794,1.27933608942,0.0,0.114923871653,0.0490226922809,0.0,0.0,0.0,-0.0124718808745
639,13.61,160.593463452,409.661905428,-1.86952312959,-2.98561219157,0.5,178.14041236,361.395050721,-1.5274773419,-2.04473783082,0.0,-0.00531771221756,-0.0241488431478,1.27905587253,0.0,0.11437675657,0.05037793024,0.0,0.0,0.0,-0.00585619960943
640,13.61,160.593463452,409.661905428,-1.86952312959,-2.98561219157,0.5,178.132140978,361.331309031,-1.52763857742,-2.04349530274,0.0,0.00564733278419,-0.0216661247553,1.27880482802,0.0,0.114334421124,0.0512436849002,0.0,0.0,0.0,1.58315724977e-05
641,13.63,160.593463452,409.661905428,-1.86952312959,-2.98561219157,0.5,178.189143588,361.239993381,-1.52652741544,-2.04171527059,0.0,0.000350584014103,-0.0284834212814,1.27829424079,0.0,0.202631979161,-0.0550468885644,0.0,0.0,0.0,-0.0643805907091
642,13.67,160.593463452,409.661905428,-1.86952312959,-2.98561219157,0.5,178.222045764,361.163352308,-1.52588604749,-2.04022129255,0.0,-0.00193093221442,-0.0329867647858,1.2785157798,0.0,0.161525853296,-0.018334157255,0.0,0.0,0.0,0.0151431101504
643,13.72,160.593463452,409.661905428,-1.86952312959,-2.98561219157,0.5,178.247069462,361.089542654,-1.52539825609,-2.03878250787,0.0,-0.00244841551744,-0.0364150430068,1.27882985909,0.0,0.151816986978,-0.00527243573097,0.0,0.0,0.0,0.0296156614997
644,13.74,160.593463452,409.661905428,-1.86952312959,-2.98561219157,0.5,178.280262447,361.006993603,-1.52475121935,-2.03717336458,0.0,-0.00627955831796,-0.0424462898388,1.27982896112,0.0,0.172737750282,-0.0157642370773,0.0,0.0,0.0,0.0848571906486
645,13.76,160.593463452,409.661905428,-1.86952312959,-2.98561219157,0.5,178.297132409,360.926914433,-1.5244223702,-2.03561236711,0.0,-0.00730453897376,-0.0469910787015,1.28070511418,0.0,0.15896831784,0.0132016568925,0.0,0.0,0.0,0.0830380531794
646,13.79,160.593463452,409.661905428,-1.86952312959,-2.98561219157,0.5,178.307134468,360.847533681,-1.52422739829,-2.03406498404,0.0,-0.00624017209984,-0.0504137061598,1.28150899658,0.0,0.153844030864,0.0255041930794,0.0,0.0,0.0,0.0855744317746
647,13.82,160.593463452,409.661905428,-1.86952312959,-2.98561219157,0.5,178.311317086,360.768788814,-1.52414586577,-2.03252999638,0.0,-0.00299133182332,-0.0526500591049,1.28224265084,0.0,0.149430113446,0.0359065295514,0.0,0.0,0.0,0.090105101566
648,13.84,160.593463452,409.661905428,-1.86952312959,-2.98561219157,0.5,178.311196541,360.690403387,-1.52414821557,-2.03100201534,0.0,0.00244326853727,-0.0536970056569,1.28290787005,0.0,0.146381384934,0.043643905703,0.0,0.0,0.0,0.0954117588576
649,13.87,160.593463452,409.661905428,-1.86952312959,-2.98561219157,0.5,178.343570114,360.626369556,-1.52351715177,-2.02975379252,0.0,0.000688620378215,-0.0525905779342,1.28319673249,0.0,0.137597759209,-0.0250879524512,0.0,0.0,0.0,0.0195331238432
650,13.91,160.593463452,409.661905428,-1.86952312959,-2.98561219157,0.5,178.372060672,360.558349127,-1.52296178026,-2.02842785823,0.0,-0.000760510599511,-0.0519642271604,1.28340537228,0.0,0.142891619052,-0.0156664799795,0.0,0.0,0.0,0.0132820178762
651,13.94,160.593463452,409.661905428,-1.86952312959,-2.98561219157,0.5,178.398111415,360.488706732,-1.52245396852,-2.02707030667,0.0,-0.00191984187848,-0.0516177054679,1.2836119656,0.0,0.144565939389,-0.0102406960237,0.0,0.0,0.0,0.0146244247875
652,13.96,160.593463452,409.661905428,-1.86952312959,-2.98561219157,0.5,178.422754746,360.418309975,-1.52197359171,-2.02569805019,0.0,-0.00286886300238,-0.0515234011537,1.28381703379,0.0,0.14519698613,-0.00722195901984,0.0,0.0,0.0,0.0155806546165
653,13.98,160.593463452,409.661905428,-1.86952312959,-2.98561219157,0.5,178.446673796,360.349422318,-1.52150733341,-2.02435521087,0.0,-0.00368036753469,-0.0515601188605,1.28383461879,0.0,0.141977444061,-0.00669784329386,0.0,0.0,0.0,-0.00244463312864
654,14.02,160.593463452,409.661905428,-1.86952312959,-2.98561219157,0.5,178.469729252,360.278390168,-1.52105790932,-2.02297056857,0.0,-0.00429481851149,-0.0519417175469,1.28402343263,0.0,0.145506998725,-0.00393156178771,0.0,0.0,0.0,0.0156681989372
655,14.04,160.593463452,409.661905428,-1.86952312959,-2.98561219157,0.5,178.49220742,360.206646766,-1.52061973841,-2.02157206172,0.0,-0.00473247293001,-0.0525751439468,1.28423387469,0.0,0.146517837229,-0.00249022362022,0.0,0.0,0.0,0.0187238212394
656,14.07,160.593463452,409.661905428,-1.86952312959,-2.98561219157,0.5,178.514308253,360.134469912,-1.52018892294,-2.0201651055,0.0,-0.00500729538922,-0.0534458016974,1.28444371948,0.0,0.147119640063,-0.00157622235274,0.0,0.0,0.0,0.0194940433319
657,14.09,160.593463452,409.661905428,-1.86952312959,-2.98561219157,0.5,178.536130039,360.06193164,-1.519763547,-2.01875110409,0.0,-0.00512434467454,-0.0545505203826,1.28464852827,0.0,0.147641134636,-0.000885221337342,0.0,0.0,0.0,0.0198149086928
658,14.11,160.593463452,409.661905428,-1.86952312959,-2.98561219157,0.5,178.557727687,359.9890426,-1.51934254022,-2.0173302651,0.0,-0.00508499159502,-0.0558892836824,1.28484793011,0.0,0.148173153248,-0.00030221884212,0.0,0.0,0.0,0.020123226985
659,14.13,160.593463452,409.661905428,-1.86952312959,-2.98561219157,0.5,178.579135548,359.915797495,-1.51892523298,-2.01590248528,0.0,-0.00488926865761,-0.0574632902598,1.28504221958,0.0,0.148734127151,0.000219993588844,0.0,0.0,0.0,0.0205035755348
660,14.15,160.593463452,409.661905428,-1.86952312959,-2.98561219157,0.5,178.60037538,359.842187885,-1.51851120117,-2.01446760009,0.0,-0.00453652423113,-0.0592744255711,1.28523163033,0.0,0.149322944137,0.000706618107018,0.0,0.0,0.0,0.0209648607129
661,14.18,160.593463452,409.661905428,-1.86952312959,-2.98561219157,0.5,178.621460833,359.768205027,-1.51810017869,-2.01302543913,0.0,-0.00402560526154,-0.0613250933175,1.28541621769,0.0,0.149935690256,0.00117298166258,0.0,0.0,0.0,0.0215038117497
662,14.21,160.593463452,409.661905428,-1.86952312959,-2.98561219157,0.5,178.64240037,359.693840265,-1.51769200059,-2.01157583363,0.0,-0.003354929594,-0.0636181640352,1.28559585419,0.0,0.150569303172,0.00162877203997,0.0,0.0,0.0,0.0221169498039
663,14.23,160.593463452,409.661905428,-1.86952312959,-2.98561219157,0.5,178.663199067,359.619085005,-1.5172865679,-2.01011861607,0.0,-0.00252252434959,-0.0661569651862,1.28577023267,0.0,0.151221776462,0.00208032863554,0.0,0.0,0.0,0.0228016308712
664,14.27,160.593463452,409.661905428,-1.86952312959,-2.98561219157,0.5,178.683859715,359.543930639,-1.51688382622,-2.00865361869,0.0,-0.00152604608535,-0.0689452853884,1.28593886575,0.0,0.151891851628,0.00253196467609,0.0,0.0,0.0,0.0235559070741
665,14.3,160.593463452,409.661905428,-1.86952312959,-2.98561219157,0.5,178.704383502,359.468368457,-1.5164837524,-2.00718067168,0.0,-0.000362788880935,-0.0719873831403,1.28610108307,0.0,0.152578791566,0.00298685915887,0.0,0.0,0.0,0.0243784950921
666,14.33,160.593463452,409.661905428,-1.86952312959,-2.98561219157,0.5,178.724770445,359.392389556,-1.51608634611,-2.00569960148,0.0,0.000970315490294,-0.0752879971969,1.28625602641,0.0,0.153282267112,0.00344742678489,0.0,0.0,0.0,0.0252687429343
667,14.35,160.593463452,409.661905428,-1.86952312959,-2.98561219157,0.5,178.749321732,359.324305622,-1.51560776351,-2.00437242929,0.0,0.000471872811672,-0.0759653950028,1.28657632969,0.0,0.140801588236,-0.00870837031941,0.0,0.0,0.0,0.0282712715099
668,14.37,160.593463452,409.661905428,-1.86952312959,-2.98561219157,0.5,178.771283669,359.251902136,-1.51517965557,-2.00296105528,0.0,0.000224160628376,-0.0767655119032,1.28676512489,0.0,0.147486125678,-0.00152162914037,0.0,0.0,0.0,0.0169779872849
669,14.41,160.593463452,409.661905428,-1.86952312959,-2.98561219157,0.5,178.792187163,359.177673477,-1.51477218006,-2.00151410286,0.0,0.000104164145477,-0.077830040082,1.28689710784,0.0,0.150261566773,0.00141628216307,0.0,0.0,0.0,0.0120249185535
670,14.43,160.593463452,409.661905428,-1.86952312959,-2.98561219157,0.5,178.812699328,359.103185431,-1.51437233278,-2.00006209418,0.0,6.91152966333e-05,-0.0790391079942,1.28702375843,0.0,0.150600152471,0.00229615105663,0.0,0.0,0.0,0.0123704716195
671,14.45,160.593463452,409.661905428,-1.86952312959,-2.98561219157,0.5,178.833260986,359.028984434,-1.51397152073,-1.99861568097,0.0,6.39603492613e-05,-0.0802876287411,1.28715372415,0.0,0.150088605084,0.00202633905745,0.0,0.0,0.0,0.0129371914292
672,14.47,160.593463452,409.661905428,-1.86952312959,-2.98561219157,0.5,178.854001261,358.955066489,-1.51356722689,-1.99717478537,0.0,5.85206444123e-05,-0.0815326724237,1.28728596247,0.0,0.149655618703,0.00151719049989,0.0,0.0,0.0,0.013162468458
673,14.5,160.593463452,409.661905428,-1.86952312959,-2.98561219157,0.5,178.874879678,358.881302864,-1.51316024019,-1.99573689794,0.0,4.72794961363e-05,-0.0827691012256,1.28741695668,0.0,0.149441992,0.00115469796813,0.0,0.0,0.0,0.0129901394572
674,14.54,160.593463452,409.661905428,-1.86952312959,-2.98561219157,0.5,178.895836192,358.807603203,-1.51275173115,-1.99430025737,0.0,3.34489998133e-05,-0.0840028593088,1.28754468568,0.0,0.149364917217,0.000954546781481,0.0,0.0,0.0,0.0126407897496
675,14.54,160.593463452,409.661905428,-1.86952312959,-2.98561219157,0.5,178.916836841,358.733932781,-1.51234236178,-1.99286418677,0.0,1.98566069882e-05,-0.0852381360471,1.2876686982,0.0,0.149334323806,0.000837472828539,0.0,0.0,0.0,0.0122695587244
676,14.57,160.593463452,409.661905428,-1.86952312959,-2.98561219157,0.5,178.937867559,358.660283683,-1.51193240626,-1.99142853182,0.0,7.3678919955e-06,-0.0864758129524,1.28778918595,0.0,0.14931081484,0.000751540192866,0.0,0.0,0.0,0.0119250119506
677,14.61,160.593463452,409.661905428,-1.86952312959,-2.98561219157,0.5,178.957524226,358.594613679,-1.51154923536,-1.9901484148,0.0,0.000244498836223,-0.0852680921336,1.28787106132,0.0,0.133598939676,-0.0010534779197,0.0,0.0,0.0,0.0102252465463
678,14.62,160.593463452,409.661905428,-1.86952312959,-2.98561219157,0.5,178.97870279,358.532654461,-1.51113639786,-1.98894063278,0.0,0.000280615194366,-0.0817873161461,1.28787400716,0.0,0.127471490477,-0.00592510856534,0.0,0.0,0.0,0.000594625711117
679,14.65,160.593463452,409.661905428,-1.86952312959,-2.98561219157,0.5,178.999971054,358.472502527,-1.51072181181,-1.98776808045,0.0,0.000252384218368,-0.0760954586107,1.28783493827,0.0,0.124123597035,-0.00706961820432,0.0,0.0,0.0,-0.00413055987715
680,14.67,160.593463452,409.661905428,-1.86952312959,-2.98561219157,0.5,179.020614302,358.413755259,-1.51031940932,-1.98662290952,0.0,0.000219714486615,-0.0682058283194,1.2877830491,0.0,0.121137432158,-0.00665624947203,0.0,0.0,0.0,-0.00542531369451
681,14.69,160.593463452,409.661905428,-1.86952312959,-2.98561219157,0.5,179.040332222,358.356660849,-1.5099350444,-1.98550995807,0.0,0.000190746020712,-0.0581032830054,1.28773238147,0.0,0.117523048306,-0.00581721606267,0.0,0.0,0.0,-0.00525055777507
682,14.73,160.593463452,409.661905428,-1.86952312959,-2.98561219157,0.5,179.058918625,358.301715273,-1.50957273636,-1.98443889421,0.0,0.000165090256098,-0.0457598170902,1.28768926125,0.0,0.112872218354,-0.00486423617957,0.0,0.0,0.0,-0.00444622868266
683,14.77,160.593463452,409.661905428,-1.86952312959,-2.98561219157,0.5,179.076191171,358.249547108,-1.50923603955,-1.98342197092,0.0,0.000142725735511,-0.0311404238411,1.28765642994,0.0,0.106955655602,-0.00391439509534,0.0,0.0,0.0,-0.00337014013805
684,14.78,160.593463452,409.661905428,-1.86952312959,-2.98561219157,0.5,179.238288699,358.19287517,-1.50607624368,-1.98231725477,0.0,-0.0327500907138,-0.0354314913261,1.28657201205,0.0,0.173078711847,-0.184730814696,0.0,0.0,0.0,-0.133841089806
685,14.81,160.593463452,409.661905428,-1.86952312959,-2.98561219157,0.5,179.293845555,358.142735586,-1.50499326404,-1.98133987498,0.0,-0.0494207516208,-0.0312475744186,1.28541450603,0.0,0.12367048811,-0.0755784372679,0.0,0.0,0.0,-0.17141275971
686,14.85,160.593463452,409.661905428,-1.86952312959,-2.98561219157,0.5,179.34792232,358.093111914,-1.50393913607,-1.98037255193,0.0,-0.0660326742804,-0.0270403517059,1.28419530603,0.0,0.122368152398,-0.0735812852215,0.0,0.0,0.0,-0.170328132765
687,14.87,160.593463452,409.661905428,-1.86952312959,-2.98561219157,0.5,179.362557107,358.049613074,-1.50365385756,-1.97952462132,0.0,-0.0779601216628,-0.020432421289,1.28256917551,0.0,0.0892263282602,-0.00302956711999,0.0,0.0,0.0,-0.190920444123
688,14.9,160.593463452,409.661905428,-1.86952312959,-2.98561219157,0.5,179.369391677,358.007029447,-1.50352063008,-1.97869453113,0.0,-0.0882853953009,-0.0129684036286,1.2807819433,0.0,0.0832123717892,0.0111862324085,0.0,0.0,0.0,-0.195965766361
689,14.92,160.593463452,409.661905428,-1.86952312959,-2.98561219157,0.5,179.369004071,357.966084362,-1.50352818576,-1.97789638132,0.0,-0.0966395171152,-0.0043393735312,1.27890649649,0.0,0.0761171844381,0.0239169120184,0.0,0.0,0.0,-0.194774339503
690,14.95,160.593463452,409.661905428,-1.86952312959,-2.98561219157,0.5,179.364002934,357.926631598,-1.5036256738,-1.9771273216,0.0,-0.102922111291,0.00558342538893,1.27700005509,0.0,0.0707205039327,0.0318342270856,0.0,0.0,0.0,-0.190254391226
691,15.0,160.593463452,409.661905428,-1.86952312959,-2.98561219157,0.5,179.309687734,357.825889523,-1.50468444962,-1.97516353845,0.0,-0.0977966348306,0.00827800627281,1.27497283433,0.0,0.157121525494,0.158708054309,0.0,0.0,0.0,-0.206256684635
692,15.02,160.593463452,409.661905428,-1.86952312959,-2.98561219157,0.5,179.270844361,357.737663402,-1.5054416304,-1.97344373104,0.0,-0.0926346870066,0.0106455610943,1.2726831781,0.0,0.142235075478,0.122923450133,0.0,0.0,0.0,-0.233884672447
693,15.04,160.593463452,409.661905428,-1.86952312959,-2.98561219157,0.5,179.242035426,357.660238282,-1.50600320807,-1.97193446943,0.0,-0.0869680230221,0.0126487765462,1.27035575766,0.0,0.127670491777,0.098402962537,0.0,0.0,0.0,-0.239338445475
694,15.05,160.593463452,409.661905428,-1.86952312959,-2.98561219157,0.5,179.215432548,357.58341047,-1.5065217827,-1.97043685127,0.0,-0.079338497986,0.0133550307952,1.26793295646,0.0,0.127662571575,0.0942605420243,0.0,0.0,0.0,-0.252194985951
695,15.09,160.593463452,409.661905428,-1.86952312959,-2.98561219157,0.5,179.191151737,357.508525537,-1.50699509285,-1.96897710598,0.0,-0.0697325948801,0.0128302255411,1.26547061546,0.0,0.125235820132,0.0891107552678,0.0,0.0,0.0,-0.258806180412
696,15.12,160.593463452,409.661905428,-1.86952312959,-2.98561219157,0.5,179.169576237,357.436032026,-1.5074156679,-1.96756397712,0.0,-0.0582522598815,0.0111516226602,1.26295669005,0.0,0.122223085725,0.0829729399193,0.0,0.0,0.0,-0.265154710256
697,15.13,160.593463452,409.661905428,-1.86952312959,-2.98561219157,0.5,179.23092088,357.344556114,-1.5062198659,-1.96578082093,0.0,-0.0602697732983,-0.00136530630094,1.26314063678,0.0,0.206175156316,-0.059970385567,0.0,0.0,0.0,0.0193288524236
698,15.15,160.593463452,409.661905428,-1.86952312959,-2.98561219157,0.5,179.240300204,357.270261585,-1.50603703306,-1.9643325845,0.0,-0.0559123151873,-0.00996283925701,1.26296469421,0.0,0.143353819415,0.026621818291,0.0,0.0,0.0,-0.015613384872
699,15.18,160.593463452,409.661905428,-1.86952312959,-2.98561219157,0.5,179.250611639,357.188863936,-1.50583603042,-1.96274588568,0.0,-0.0506651691485,-0.018568543218,1.26334671933,0.0,0.157283453962,0.0289082027409,0.0,0.0,0.0,0.0456410805068
700,15.23,160.593463452,409.661905428,-1.86952312959,-2.98561219157,0.5,179.266100953,357.104175406,-1.50553409448,-1.96109503716,0.0,-0.0454366605119,-0.0274054125211,1.26383315178,0.0,0.166454217217,0.0211510267245,0.0,0.0,0.0,0.0606235651243
701,15.25,160.593463452,409.661905428,-1.86952312959,-2.98561219157,0.5,179.284190319,357.017886426,-1.50518147527,-1.95941299075,0.0,-0.0402972712796,-0.0364939773548,1.26435251662,0.0,0.170960311898,0.0171685160801,0.0,0.0,0.0,0.068321369093
702,15.28,160.593463452,409.661905428,-1.86952312959,-2.98561219157,0.5,179.302672594,356.93137758,-1.50482119699,-1.95772665848,0.0,-0.0350539439081,-0.0456908599934,1.26482556024,0.0,0.171597723386,0.0164861765189,0.0,0.0,0.0,0.0688153174694
703,15.32,160.593463452,409.661905428,-1.86952312959,-2.98561219157,0.5,179.306860314,356.847311559,-1.50473956502,-1.95608794462,0.0,-0.0273517921378,-0.0535411120833,1.26516159924,0.0,0.158661218056,0.0415871868602,0.0,0.0,0.0,0.0718074123337
704,15.34,160.593463452,409.661905428,-1.86952312959,-2.98561219157,0.5,179.303248658,356.764399998,-1.50480996768,-1.95447173485,0.0,-0.0175098963931,-0.0602176245115,1.26536107399,0.0,0.151934817114,0.05537119595,0.0,0.0,0.0,0.0759026849024
705,15.36,160.593463452,409.661905428,-1.86952312959,-2.98561219157,0.5,179.294282585,356.682036348,-1.50498474493,-1.95286620562,0.0,-0.00549789090664,-0.0657140333743,1.26541275883,0.0,0.147759421397,0.064985572091,0.0,0.0,0.0,0.0807600419074
706,15.39,160.593463452,409.661905428,-1.86952312959,-2.98561219157,0.5,179.334654804,356.595048937,-1.5041977621,-1.95117054458,0.0,-0.000738694524396,-0.0780148976709,1.26501508471,0.0,0.185276424416,-0.0240789327064,0.0,0.0,0.0,-0.00578202225062
707,15.4,160.593463452,409.661905428,-1.86952312959,-2.98561219157,0.5,179.353635598,356.507300378,-1.50382776613,-1.94946004635,0.0,0.0062588224374,-0.089848756045,1.26499363375,0.0,0.174103908831,0.0162186221252,0.0,0.0,0.0,0.0564961495401
708,15.43,160.593463452,409.661905428,-1.86952312959,-2.98561219157,0.5,179.418839768,356.458221235,-1.50255672968,-1.94850333791,0.0,0.00110697838396,-0.0929498659893,1.26429398466,0.0,0.129468520343,-0.0923690825863,0.0,0.0,0.0,-0.117014668511
709,15.49,160.593463452,409.661905428,-1.86952312959,-2.98561219157,0.5,179.472564659,356.399866217,-1.50150946085,-1.94736581319,0.0,-0.00483676586083,-0.0977880186785,1.26352996948,0.0,0.139999465813,-0.0654679823202,0.0,0.0,0.0,-0.133074395169
710,15.51,160.593463452,409.661905428,-1.86952312959,-2.98561219157,0.5,179.501080454,356.343694205,-1.50095359739,-1.9462708422,0.0,-0.00783908630915,-0.101262346371,1.26248444411,0.0,0.121144142851,-0.0197500210046,0.0,0.0,0.0,-0.134378028044
711,15.54,160.593463452,409.661905428,-1.86952312959,-2.98561219157,0.5,179.514948738,356.289247625,-1.50068326047,-1.94520950536,0.0,-0.00841730857726,-0.103510506342,1.26124519979,0.0,0.109300619147,0.00658079933483,0.0,0.0,0.0,-0.12982747238
712,15.58,160.593463452,409.661905428,-1.86952312959,-2.98561219157,0.5,179.519157382,356.236001466,-1.50060122063,-1.94417156855,0.0,-0.00664062413278,-0.104520442146,1.25985223673,0.0,0.101329586832,0.0239600697788,0.0,0.0,0.0,-0.120841086275
713,15.6,160.593463452,409.661905428,-1.86952312959,-2.98561219157,0.5,179.517966798,356.183314045,-1.5006244289,-1.9431445233,0.0,-0.00262285612687,-0.104326738135,1.25833363102,0.0,0.0970407144856,0.0338120987239,0.0,0.0,0.0,-0.10997253396
714,15.62,160.593463452,409.661905428,-1.86952312959,-2.98561219157,0.5,179.514458367,356.130653756,-1.50069281936,-1.94211800693,0.0,0.00353063438255,-0.102971916065,1.2567127596,0.0,0.0955517948531,0.0382673381226,0.0,0.0,0.0,-0.0984107520811
715,15.65,160.593463452,409.661905428,-1.86952312959,-2.98561219157,0.5,179.558813503,356.054910246,-1.49982819683,-1.94064152526,0.0,-0.000152168692634,-0.108001880386,1.25616025032,0.0,0.166990974611,-0.0366651904132,0.0,0.0,0.0,-0.0945485309667
716,15.66,160.593463452,409.661905428,-1.86952312959,-2.98561219157,0.5,179.580636086,355.988860703,-1.49940280533,-1.93935400981,0.0,-0.000662855261152,-0.110938708809,1.25583734589,0.0,0.135571996297,-0.000541602626206,0.0,0.0,0.0,-0.0378631317016
717,15.7,160.593463452,409.661905428,-1.86952312959,-2.98561219157,0.5,179.596391652,355.924219056,-1.49909567931,-1.93809393871,0.0,0.000630127514272,-0.112868232468,1.25545832932,0.0,0.129307044309,0.00989667174795,0.0,0.0,0.0,-0.023455461216
718,15.71,160.593463452,409.661905428,-1.86952312959,-2.98561219157,0.5,179.623243141,355.862219067,-1.49857225846,-1.93688536194,0.0,0.000396678544075,-0.112122014672,1.25549923871,0.0,0.131022183185,-0.0123081415298,0.0,0.0,0.0,0.00125842746512
719,15.73,160.593463452,409.661905428,-1.86952312959,-2.98561219157,0.5,179.649021153,355.800703407,-1.4980697631,-1.93568622626,0.0,0.000326282626724,-0.109323286433,1.25546828718,0.0,0.129557114128,-0.0105788220509,0.0,0.0,0.0,-0.00386818855142
720,15.76,160.593463452,409.661905428,-1.86952312959,-2.98561219157,0.5,179.674180416,355.739747654,-1.49757932912,-1.93449800495,0.0,0.000287673114795,-0.104428026049,1.25541588196,0.0,0.128130583361,-0.00976531121043,0.0,0.0,0.0,-0.00565294048234
721,15.79,160.593463452,409.661905428,-1.86952312959,-2.98561219157,0.5,179.698544015,355.67964922,-1.49710440516,-1.93332649551,0.0,0.000247468963482,-0.0973878209976,1.25535700119,0.0,0.126039490885,-0.00880079041532,0.0,0.0,0.0,-0.00629414349507
722,15.81,160.593463452,409.661905428,-1.86952312959,-2.98561219157,0.5,179.721857573,355.620630701,-1.49664994984,-1.93217603706,0.0,0.000208307396196,-0.0881857898742,1.25530251845,0.0,0.123378503985,-0.00750063554018,0.0,0.0,0.0,-0.00581232673387
723,15.83,160.593463452,409.661905428,-1.86952312959,-2.98561219157,0.5,179.830813135,355.559325317,-1.49452605975,-1.93098100034,0.0,-0.0151149041215,-0.0878268799416,1.2552588824,0.0,0.179338416608,-0.164902001475,0.0,0.0,0.0,-0.139186704779
724,15.86,160.593463452,409.661905428,-1.86952312959,-2.98561219157,0.5,179.888400719,355.504765321,-1.49340349475,-1.92991745266,0.0,-0.0259902515059,-0.0853426909018,1.25474771034,0.0,0.1358300192,-0.0735899661015,0.0,0.0,0.0,-0.145159431422
725,15.91,160.593463452,409.661905428,-1.86952312959,-2.98561219157,0.5,179.944958248,355.4505593,-1.49230100881,-1.92886080506,0.0,-0.0368119382413,-0.0828310207509,1.25421602807,0.0,0.134601553872,-0.0718301291388,0.0,0.0,0.0,-0.14405817103
726,15.93,160.593463452,409.661905428,-1.86952312959,-2.98561219157,0.5,179.955249788,355.402279255,-1.49210039399,-1.92791967359,0.0,-0.0417683288082,-0.0773304081186,1.25318149422,0.0,0.0955732208396,0.0104359877043,0.0,0.0,0.0,-0.143092062245
727,15.96,160.593463452,409.661905428,-1.86952312959,-2.98561219157,0.5,179.963192016,355.353728821,-1.49194557474,-1.92697327136,0.0,-0.0454792075222,-0.0711803554939,1.25203089401,0.0,0.0946517528322,0.0150428718238,0.0,0.0,0.0,-0.142586229071
728,15.98,160.593463452,409.661905428,-1.86952312959,-2.98561219157,0.5,179.966094079,355.306035698,-1.49188900431,-1.92604358087,0.0,-0.0473212254316,-0.0639731151388,1.25080266676,0.0,0.0899677758734,0.0239783886417,0.0,0.0,0.0,-0.135256123353
729,16.01,160.593463452,409.661905428,-1.86952312959,-2.98561219157,0.5,179.964593989,355.259334264,-1.49191824583,-1.92513322152,0.0,-0.0470304759835,-0.0555229570388,1.24953333831,0.0,0.0854028006847,0.031644431182,0.0,0.0,0.0,-0.125191241795
730,16.03,160.593463452,409.661905428,-1.86952312959,-2.98561219157,0.5,179.961393161,355.213319043,-1.49198064013,-1.92423623865,0.0,-0.0446795366245,-0.0458367860464,1.24827519884,0.0,0.0830505177141,0.0344889088032,0.0,0.0,0.0,-0.113899189533
731,16.06,160.593463452,409.661905428,-1.86952312959,-2.98561219157,0.5,179.999559481,355.151946485,-1.49123665729,-1.92303989249,0.0,-0.0485813770275,-0.0405897440682,1.24806197278,0.0,0.137021780921,-0.0325934539568,0.0,0.0,0.0,-0.0382145649561
732,16.07,160.593463452,409.661905428,-1.86952312959,-2.98561219157,0.5,180.032386985,355.089142607,-1.49059674494,-1.92181564535,0.0,-0.0526643551327,-0.0357904884515,1.2479719909,0.0,0.136381670216,-0.0218254924762,0.0,0.0,0.0,-0.0246007777872
733,16.09,160.593463452,409.661905428,-1.86952312959,-2.98561219157,0.5,180.052297759,355.027946076,-1.49020862068,-1.92062273052,0.0,-0.0544756477867,-0.0297597128362,1.24777048413,0.0,0.125419908847,0.0010973459822,0.0,0.0,0.0,-0.0260834936179
734,16.11,160.593463452,409.661905428,-1.86952312959,-2.98561219157,0.5,180.064500859,354.967980173,-1.48997074349,-1.91945380455,0.0,-0.0542469719812,-0.0225633183894,1.24752672851,0.0,0.118368357826,0.0146172119269,0.0,0.0,0.0,-0.0237749903294
735,16.12,160.593463452,409.661905428,-1.86952312959,-2.98561219157,0.5,180.070407182,354.909341709,-1.48985561049,-1.91831075456,0.0,-0.0518573719551,-0.0140911804988,1.24729424549,0.0,0.1120028176,0.0254677822123,0.0,0.0,0.0,-0.0188667570386
736,16.14,160.593463452,409.661905428,-1.86952312959,-2.98561219157,0.5,180.072200613,354.851884633,-1.48982065082,-1.9171907336,0.0,-0.0473497203997,-0.00433640036446,1.24712945933,0.0,0.107259496338,0.0323593311088,0.0,0.0,0.0,-0.0123234412874
737,16.15,160.593463452,409.661905428,-1.86952312959,-2.98561219157,0.5,180.16107892,354.787384663,-1.48808813022,-1.91593342423,0.0,-0.0694914668615,-0.0096017558532,1.2470335584,0.0,0.171207671333,-0.114285304679,0.0,0.0,0.0,-0.0204923996226
738,16.17,160.593463452,409.661905428,-1.86952312959,-2.98561219157,0.5,180.202571685,354.72737894,-1.48727930438,-1.91476372202,0.0,-0.0847420018136,-0.011268701869,1.24661740152,0.0,0.136465018952,-0.0391098470005,0.0,0.0,0.0,-0.0575621120157
739,16.19,160.593463452,409.661905428,-1.86952312959,-2.98561219157,0.5,180.235225962,354.667429684,-1.48664276877,-1.91359512055,0.0,-0.0986387123447,-0.0122820031053,1.24608646326,0.0,0.13095916285,-0.0228841475078,0.0,0.0,0.0,-0.069456761647
740,16.23,160.593463452,409.661905428,-1.86952312959,-2.98561219157,0.5,180.255715494,354.60914952,-1.4862433627,-1.91245905498,0.0,-0.110454288546,-0.0121291246013,1.24547775466,0.0,0.120324550239,-0.00138574328844,0.0,0.0,0.0,-0.0752923762119
741,16.25,160.593463452,409.661905428,-1.86952312959,-2.98561219157,0.5,180.266195843,354.55258392,-1.48603906738,-1.91135641169,0.0,-0.120014349624,-0.0106454028808,1.24481028767,0.0,0.11093302392,0.0160855146392,0.0,0.0,0.0,-0.0776334949776
742,16.26,160.593463452,409.661905428,-1.86952312959,-2.98561219157,0.5,180.270904616,354.49718764,-1.48594727844,-1.91027656217,0.0,-0.127445567216,-0.00785454047356,1.24410692162,0.0,0.105173138433,0.0260665796884,0.0,0.0,0.0,-0.077211706274
743,16.29,160.593463452,409.661905428,-1.86952312959,-2.98561219157,0.5,180.273265587,354.442490294,-1.48590125562,-1.90921033712,0.0,-0.132872110697,-0.00378871995477,1.24339091387,0.0,0.102408448014,0.0300211555568,0.0,0.0,0.0,-0.0747619339309
744,16.31,160.593463452,409.661905428,-1.86952312959,-2.98561219157,0.5,180.275628546,354.388172669,-1.48585519404,-1.90815151402,0.0,-0.136375087245,0.00153634140342,1.24268475577,0.0,0.10169784191,0.0298409602106,0.0,0.0,0.0,-0.0710131067867
745,16.33,160.593463452,409.661905428,-1.86952312959,-2.98561219157,0.5,180.257759353,354.29742844,-1.48620352138,-1.90638262066,0.0,-0.133918665981,0.00255517569605,1.24166227315,0.0,0.156188068587,0.0902140469671,0.0,0.0,0.0,-0.102734974979
746,16.36,160.593463452,409.661905428,-1.86952312959,-2.98561219157,0.5,180.243819602,354.20845998,-1.48647525142,-1.90464834268,0.0,-0.12979490504,0.00233340409881,1.24048932566,0.0,0.155302234668,0.0820045528858,0.0,0.0,0.0,-0.118294975084
747,16.38,160.593463452,409.661905428,-1.86952312959,-2.98561219157,0.5,180.234530724,354.123230048,-1.48665632117,-1.9029869405,0.0,-0.124148474694,0.00102173102304,1.23920575204,0.0,0.151285337717,0.0712616964808,0.0,0.0,0.0,-0.129297158693
748,16.39,160.593463452,409.661905428,-1.86952312959,-2.98561219157,0.5,180.228544075,354.040608069,-1.48677301998,-1.90137637562,0.0,-0.116740033383,-0.00149178844485,1.23782869626,0.0,0.148524153297,0.0637335819697,0.0,0.0,0.0,-0.137523747288
749,16.4,160.593463452,409.661905428,-1.86952312959,-2.98561219157,0.5,180.214725568,353.979897902,-1.48704238659,-1.90019294155,0.0,-0.105662749129,-0.000863947433748,1.23719188924,0.0,0.103009304783,0.0644088730196,0.0,0.0,0.0,-0.0622953533359
750,16.41,160.593463452,409.661905428,-1.86952312959,-2.98561219157,0.5,180.2182674,353.920023082,-1.48697334503,-1.89902579106,0.0,-0.0933078858625,-0.000171673842693,1.23640121746,0.0,0.112589527053,0.0319178180359,0.0,0.0,0.0,-0.0783892100244
751,16.45,160.593463452,409.661905428,-1.86952312959,-2.98561219157,0.5,180.227692491,353.856331577,-1.48678962006,-1.89778424126,0.0,-0.0789979240737,2.28036117099e-05,1.23553997819,0.0,0.123398578496,0.0236682755726,0.0,0.0,0.0,-0.0859959417372
752,16.47,160.593463452,409.661905428,-1.86952312959,-2.98561219157,0.5,180.273046777,353.777356372,-1.48590552092,-1.89624476358,0.0,-0.0756042277554,-0.00744375460656,1.23595737724,0.0,0.174338540611,-0.0328166194108,0.0,0.0,0.0,0.0428308886167
753,16.48,160.593463452,409.661905428,-1.86952312959,-2.98561219157,0.5,180.303047738,353.698205048,-1.48532070686,-1.89470185278,0.0,-0.072167398108,-0.0153245473091,1.23635810662,0.0,0.164912293123,-0.00455631913743,0.0,0.0,0.0,0.0439225588428
754,16.5,160.593463452,409.661905428,-1.86952312959,-2.98561219157,0.5,180.324257397,353.616754761,-1.48490726322,-1.89311412789,0.0,-0.0680537395011,-0.0231908256837,1.23690476202,0.0,0.163526389147,0.0130281436726,0.0,0.0,0.0,0.0625587575168
755,16.52,160.593463452,409.661905428,-1.86952312959,-2.98561219157,0.5,180.342979649,353.534111983,-1.48454230704,-1.89150315757,0.0,-0.0636785642458,-0.0311417734799,1.23749694078,0.0,0.164133588635,0.0182791489816,0.0,0.0,0.0,0.0710708189404
756,16.55,160.593463452,409.661905428,-1.86952312959,-2.98561219157,0.5,180.361125528,353.45119644,-1.4841885862,-1.88988687018,0.0,-0.0591923888315,-0.0392095817031,1.23807221945,0.0,0.164270544918,0.019420472558,0.0,0.0,0.0,0.0732695093546
757,16.58,160.593463452,409.661905428,-1.86952312959,-2.98561219157,0.5,180.379374444,353.368170711,-1.48383285685,-1.88826843491,0.0,-0.0546194770696,-0.0474085615933,1.23861744531,0.0,0.164542172975,0.0192094811781,0.0,0.0,0.0,0.0742853516684
758,16.6,160.593463452,409.661905428,-1.86952312959,-2.98561219157,0.5,180.398035309,353.284980417,-1.4834690973,-1.88664679175,0.0,-0.0499572944313,-0.0557531975962,1.23913199435,0.0,0.165111082847,0.0184614101439,0.0,0.0,0.0,0.0754512050289
759,16.62,160.593463452,409.661905428,-1.86952312959,-2.98561219157,0.5,180.417174154,353.201574023,-1.48309602039,-1.88502093612,0.0,-0.0451976457872,-0.0642596221929,1.23961517726,0.0,0.165811746228,0.017638862682,0.0,0.0,0.0,0.0768247050746
760,16.64,160.593463452,409.661905428,-1.86952312959,-2.98561219157,0.5,180.436753552,353.117919109,-1.48271435571,-1.88339023604,0.0,-0.040330225096,-0.0729446764927,1.24006478738,0.0,0.16654633365,0.0169100044905,0.0,0.0,0.0,0.0782919819169
761,16.65,160.593463452,409.661905428,-1.86952312959,-2.98561219157,0.5,180.456689517,353.033984604,-1.48232574042,-1.88175408584,0.0,-0.0353428940189,-0.0818255604389,1.24047838346,0.0,0.167283685785,0.0163575714755,0.0,0.0,0.0,0.0798814625027
762,16.67,160.593463452,409.661905428,-1.86952312959,-2.98561219157,0.5,180.476890579,352.949738778,-1.48193195752,-1.88011186702,0.0,-0.0302226823521,-0.0909196802308,1.24085329224,0.0,0.168019439003,0.0159994327662,0.0,0.0,0.0,0.0816266783615
763,16.71,160.593463452,409.661905428,-1.86952312959,-2.98561219157,0.5,180.497270419,352.865151383,-1.48153468968,-1.87846298991,0.0,-0.0249561842818,-0.100244610174,1.24118642369,0.0,0.168754094314,0.0158256411233,0.0,0.0,0.0,0.0835413594291
764,16.71,160.593463452,409.661905428,-1.86952312959,-2.98561219157,0.5,180.517752928,352.780194682,-1.4811354205,-1.87680691387,0.0,-0.0195297012687,-0.109818131035,1.24147414071,0.0,0.169489388463,0.0158163402606,0.0,0.0,0.0,0.0856289559038
765,16.73,160.593463452,409.661905428,-1.86952312959,-2.98561219157,0.5,180.538273428,352.694843393,-1.48073541075,-1.87514314606,0.0,-0.0139292536863,-0.119658296458,1.24171219741,0.0,0.170227800696,0.0159496235484,0.0,0.0,0.0,0.0878906215889
766,16.76,160.593463452,409.661905428,-1.86952312959,-2.98561219157,0.5,180.558777936,352.609074406,-1.48033571274,-1.87347123599,0.0,-0.00814052146302,-0.129783497459,1.24189569145,0.0,0.170971776086,0.0162051915159,0.0,0.0,0.0,0.0903277422222
767,16.79,160.593463452,409.661905428,-1.86952312959,-2.98561219157,0.5,180.57922155,352.522866596,-1.47993720176,-1.87179077186,0.0,-0.00214874936223,-0.140212522065,1.24201900833,0.0,0.171722954484,0.0165659269343,0.0,0.0,0.0,0.0929422497683
768,16.82,160.593463452,409.661905428,-1.86952312959,-2.98561219157,0.5,180.599566627,352.436200749,-1.47954061157,-1.87010137912,0.0,0.00406136466364,-0.150964609286,1.24207575495,0.0,0.172481890248,0.0170183114246,0.0,0.0,0.0,0.0957366303917
769,16.84,160.593463452,409.661905428,-1.86952312959,-2.98561219157,0.5,180.654097846,352.385297862,-1.47847762484,-1.86910912011,0.0,0.00078269698999,-0.154083970714,1.24190670511,0.0,0.128175082862,-0.0685807661534,0.0,0.0,0.0,-0.0667065609381
770,16.85,160.593463452,409.661905428,-1.86952312959,-2.98561219157,0.5,180.686785599,352.327228703,-1.47784043667,-1.86797716769,0.0,-3.90989361872e-05,-0.15649456957,1.24105114404,0.0,0.127712562049,-0.0236390139513,0.0,0.0,0.0,-0.098228994811
771,16.87,160.593463452,409.661905428,-1.86952312959,-2.98561219157,0.5,180.711976219,352.263253892,-1.47734939144,-1.86673009536,0.0,1.17989272753e-05,-0.157457858965,1.24068869389,0.0,0.133873214644,-0.00602977591819,0.0,0.0,0.0,-0.0354449822664
772,16.91,160.593463452,409.661905428,-1.86952312959,-2.98561219157,0.5,180.737254624,352.196848162,-1.476856635,-1.86543563668,0.0,0.000102034962118,-0.156384726506,1.24036314676,0.0,0.13841467984,-0.00461379533353,0.0,0.0,0.0,-0.0311530573558
773,16.93,160.593463452,409.661905428,-1.86952312959,-2.98561219157,0.5,180.760629929,352.132477085,-1.47640097605,-1.86418083987,0.0,4.97202929587e-05,-0.153155718513,1.24022694833,0.0,0.133442335966,-0.00236836447471,0.0,0.0,0.0,-0.0144305438235
774,16.93,160.593463452,409.661905428,-1.86952312959,-2.98561219157,0.5,180.78452364,352.06558541,-1.4759352117,-1.86287690858,0.0,7.4196781065e-05,-0.147960838401,1.2400247095,0.0,0.138401384169,-0.00169910665841,0.0,0.0,0.0,-0.0198638957853
775,16.95,160.593463452,409.661905428,-1.86952312959,-2.98561219157,0.5,180.824879758,352.00036433,-1.47514854272,-1.8616055425,0.0,-0.00431834074586,-0.146090102315,1.23987797002,0.0,0.145737738351,-0.0330959779089,0.0,0.0,0.0,-0.0791316111748
776,16.95,160.593463452,409.661905428,-1.86952312959,-2.98561219157,0.5,180.849077851,351.934897334,-1.47467684501,-1.86032938273,0.0,-0.00717657308959,-0.143927049798,1.23977841188,0.0,0.1359869686,-0.00312059933843,0.0,0.0,0.0,-0.0512830132542
777,16.97,160.593463452,409.661905428,-1.86952312959,-2.98561219157,0.5,180.869717062,351.867781349,-1.47427452121,-1.85902107892,0.0,-0.00933694501291,-0.141837828724,1.23972791941,0.0,0.136778779814,0.00449076138478,0.0,0.0,0.0,-0.0358362527032
778,17.0,160.593463452,409.661905428,-1.86952312959,-2.98561219157,0.5,180.890689454,351.799928281,-1.47386570265,-1.85769840704,0.0,-0.0112502820951,-0.140031599355,1.23969299959,0.0,0.138349560562,0.00434818405957,0.0,0.0,0.0,-0.0303995631469
779,17.01,160.593463452,409.661905428,-1.86952312959,-2.98561219157,0.5,180.912390726,351.731813042,-1.4734426759,-1.85637062459,0.0,-0.0129890409963,-0.138525707328,1.23966223444,0.0,0.139296137495,0.0031749464882,0.0,0.0,0.0,-0.0272487441647
780,17.05,160.593463452,409.661905428,-1.86952312959,-2.98561219157,0.5,180.93481922,351.663473111,-1.4730054733,-1.85503846221,0.0,-0.014554850035,-0.137308850802,1.23963674157,0.0,0.140169807401,0.00197212093743,0.0,0.0,0.0,-0.0241319652092
781,17.08,160.593463452,409.661905428,-1.86952312959,-2.98561219157,0.5,180.943718303,351.596637636,-1.47283200189,-1.85373562644,0.0,-0.0136250134994,-0.134808509167,1.23940506586,0.0,0.128820060412,0.0260153605232,0.0,0.0,0.0,-0.0105455763549
782,17.11,160.593463452,409.661905428,-1.86952312959,-2.98561219157,0.5,180.945769017,351.530254596,-1.47279202696,-1.85244161006,0.0,-0.0105328115393,-0.131187361179,1.23899610142,0.0,0.123616442101,0.038412723234,0.0,0.0,0.0,0.000118457176776
783,17.14,160.593463452,409.661905428,-1.86952312959,-2.98561219157,0.5,180.94362747,351.46401088,-1.47283377251,-1.85115030956,0.0,-0.00526841959897,-0.126420517982,1.238439739,0.0,0.120654185016,0.0461316757653,0.0,0.0,0.0,0.011995468095
784,17.17,160.593463452,409.661905428,-1.86952312959,-2.98561219157,0.5,180.939571981,351.397647227,-1.47291282688,-1.84985667109,0.0,0.00210880585551,-0.120522933645,1.23777489391,0.0,0.119603066029,0.0498255120959,0.0,0.0,0.0,0.0243845091898
785,17.19,160.593463452,409.661905428,-1.86952312959,-2.98561219157,0.5,180.978950612,351.389946278,-1.47214521225,-1.84970655513,0.0,-7.62258549015e-05,-0.106705739819,1.23494627664,0.0,0.0391241631805,-0.067247219433,0.0,0.0,0.0,-0.30785858533
786,17.21,160.593463452,409.661905428,-1.86952312959,-2.98561219157,0.5,181.016880378,351.369714675,-1.47140584058,-1.84931217691,0.0,-0.00188957849472,-0.0916741328411,1.23256820157,0.0,0.0614925952542,-0.0563332306059,0.0,0.0,0.0,-0.255704313835
787,17.23,160.593463452,409.661905428,-1.86952312959,-2.98561219157,0.5,181.05197659,351.344642525,-1.47072170391,-1.84882344102,0.0,-0.00309050273636,-0.0751785189279,1.23052419402,0.0,0.0686750904331,-0.0478683111819,0.0,0.0,0.0,-0.214356982703
788,17.24,160.593463452,409.661905428,-1.86952312959,-2.98561219157,0.5,181.086189175,351.314373855,-1.47005479191,-1.84823340849,0.0,-0.00441560885272,-0.0568966320085,1.22905756244,0.0,0.0777267500588,-0.0428152724965,0.0,0.0,0.0,-0.155341134859
789,17.28,160.593463452,409.661905428,-1.86952312959,-2.98561219157,0.5,181.272371188,351.201890677,-1.46642551291,-1.84604075393,0.0,-0.0533274943097,-0.0718744741986,1.23450167814,0.0,0.207541959038,-0.144101546365,0.0,0.0,0.0,0.0579505260318
790,17.3,160.593463452,409.661905428,-1.86952312959,-2.98561219157,0.5,181.31388532,351.128761661,-1.46561627056,-1.84461523706,0.0,-0.0700850660612,-0.0665746153518,1.23565457706,0.0,0.160476504253,-0.0278919360565,0.0,0.0,0.0,-0.000942304798278
791,17.32,160.593463452,409.661905428,-1.86952312959,-2.98561219157,0.5,181.3436622,351.0554554,-1.46503582455,-1.8431862651,0.0,-0.0858566306615,-0.0608993767752,1.23652873916,0.0,0.154051771855,-0.00781728469665,0.0,0.0,0.0,-0.0130388044062
792,17.33,160.593463452,409.661905428,-1.86952312959,-2.98561219157,0.5,181.373748019,350.981970649,-1.46444935635,-1.84175381382,0.0,-0.10164111345,-0.0552249823436,1.23733226541,0.0,0.154592332004,-0.00836497429545,0.0,0.0,0.0,-0.0112463010218
793,17.35,160.593463452,409.661905428,-1.86952312959,-2.98561219157,0.5,181.356513601,350.914834161,-1.46478530993,-1.84044511035,0.0,-0.110838678838,-0.0459590300724,1.23760834381,0.0,0.112680388511,0.0746612081063,0.0,0.0,0.0,-0.0188998653524
794,17.38,160.593463452,409.661905428,-1.86952312959,-2.98561219157,0.5,181.345564344,350.845961964,-1.46499874574,-1.83910257239,0.0,-0.119286498678,-0.0362512978751,1.237778274,0.0,0.119932889436,0.0641119325795,0.0,0.0,0.0,-0.0177011772446
795,17.42,160.593463452,409.661905428,-1.86952312959,-2.98561219157,0.5,181.33446087,350.776794347,-1.46521518772,-1.83775427578,0.0,-0.126279054765,-0.0256693458112,1.23783953333,0.0,0.120376303244,0.0645941554132,0.0,0.0,0.0,-0.0155197599907
796,17.43,160.593463452,409.661905428,-1.86952312959,-2.98561219157,0.5,181.3217219,350.70865283,-1.46546351073,-1.83642598109,0.0,-0.131253419267,-0.0137715424994,1.23786428104,0.0,0.117439890273,0.0669367626686,0.0,0.0,0.0,-0.00733485683886
797,17.45,160.593463452,409.661905428,-1.86952312959,-2.98561219157,0.5,181.310555108,350.64125564,-1.46568118697,-1.83511219571,0.0,-0.134341200504,-0.000581815474888,1.23791261186,0.0,0.117069861747,0.0635423602957,0.0,0.0,0.0,0.00261527754108
798,17.48,160.593463452,409.661905428,-1.86952312959,-2.98561219157,0.5,181.303012179,350.574428023,-1.46582822263,-1.83380951311,0.0,-0.135659432854,0.0138686494058,1.23803786372,0.0,0.118334243703,0.056469634759,0.0,0.0,0.0,0.0133978006258
799,17.51,160.593463452,409.661905428,-1.86952312959,-2.98561219157,0.5,181.22890107,350.412660035,-1.46727288363,-1.83065614104,0.0,-0.118789164252,0.0163951275467,1.23810286965,0.0,0.250947902801,0.240026595963,0.0,0.0,0.0,-0.0189863964995
800,17.56,160.593463452,409.661905428,-1.86952312959,-2.98561219157,0.5,181.158022158,350.254754831,-1.46865453883,-1.82757806688,0.0,-0.102181365093,0.0190582601397,1.23815794153,0.0,0.245811376443,0.231368578078,0.0,0.0,0.0,-0.0239321100188
801,17.59,160.593463452,409.661905428,-1.86952312959,-2.98561219157,0.5,181.086692862,350.096732108,-1.47004497345,-1.82449770191,0.0,-0.0855593319884,0.0217231851488,1.23824466949,0.0,0.245769830522,0.232211469694,0.0,0.0,0.0,-0.0252191921741
802,17.61,160.593463452,409.661905428,-1.86952312959,-2.98561219157,0.5,181.015001511,349.938612001,-1.47144246567,-1.82141543862,0.0,-0.0689262479605,0.0243892845982,1.23836261735,0.0,0.245754923222,0.232870812619,0.0,0.0,0.0,-0.0265523632081
803,17.63,160.593463452,409.661905428,-1.86952312959,-2.98561219157,0.5,181.220552788,349.793763264,-1.46743561816,-1.81859187649,0.0,-0.110095891563,-0.00159512483337,1.23488764008,0.0,0.354959706293,-0.186069844764,0.0,0.0,0.0,-0.313793827172
804,17.66,160.593463452,409.661905428,-1.86952312959,-2.98561219157,0.5,181.194577877,349.727879591,-1.46794195171,-1.81730759436,0.0,-0.116687552518,-0.00470104529313,1.23408110347,0.0,0.104288487333,0.0903459390237,0.0,0.0,0.0,-0.0825198367332
805,17.68,160.593463452,409.661905428,-1.86952312959,-2.98561219157,0.5,181.173529472,349.669757479,-1.468352252,-1.81617460973,0.0,-0.121281069545,-0.00581274695795,1.2339138614,0.0,0.0933293961545,0.0762349616446,0.0,0.0,0.0,-0.0191406418488
806,17.71,160.593463452,409.661905428,-1.86952312959,-2.98561219157,0.5,181.161355624,349.610217487,-1.468589559,-1.8150139861,0.0,-0.124916469127,-0.00624926599707,1.23380217803,0.0,0.101676914492,0.0607708829485,0.0,0.0,0.0,-0.0133153561271
807,17.72,160.593463452,409.661905428,-1.86952312959,-2.98561219157,0.5,181.155569573,349.550036315,-1.46870234751,-1.81384086383,0.0,-0.12724396836,-0.00577361844882,1.23376240543,0.0,0.106964048968,0.0494742210931,0.0,0.0,0.0,-0.00537869344935
808,17.74,160.593463452,409.661905428,-1.86952312959,-2.98561219157,0.5,181.150286733,349.489612352,-1.46880532685,-1.81266300882,0.0,-0.127552528405,-0.00402721275939,1.23371426886,0.0,0.107730221266,0.0487089744205,0.0,0.0,0.0,-0.00496711122447
809,17.77,160.593463452,409.661905428,-1.86952312959,-2.98561219157,0.5,181.147504274,349.429200314,-1.46885956581,-1.81148538624,0.0,-0.12589215853,-0.000974418367795,1.23371188886,0.0,0.109312863555,0.044105804023,0.0,0.0,0.0,0.000174634462394
810,17.79,160.593463452,409.661905428,-1.86952312959,-2.98561219157,0.5,181.148711798,349.36854323,-1.46883602734,-1.81030298694,0.0,-0.122399781264,0.00330878940194,1.23377331519,0.0,0.112326674403,0.036924066296,0.0,0.0,0.0,0.00573224685743
811,17.82,160.593463452,409.661905428,-1.86952312959,-2.98561219157,0.5,181.132615703,349.270396956,-1.46914979137,-1.80838980421,0.0,-0.112773644212,0.00298843659031,1.23332307415,0.0,0.170217517085,0.0931111870429,0.0,0.0,0.0,-0.0480401931381
812,17.84,160.593463452,409.661905428,-1.86952312959,-2.98561219157,0.5,181.126926917,349.18059484,-1.46926068388,-1.80663927564,0.0,-0.102529133676,0.00200783370919,1.2326187441,0.0,0.161547702417,0.0686564504182,0.0,0.0,0.0,-0.0729873963631
813,17.86,160.593463452,409.661905428,-1.86952312959,-2.98561219157,0.5,181.219327022,349.09132483,-1.46745951224,-1.8048991195,0.0,-0.111822770785,-0.0117939412716,1.23395916976,0.0,0.22379016751,-0.112314269294,0.0,0.0,0.0,0.129518017374
814,17.91,160.593463452,409.661905428,-1.86952312959,-2.98561219157,0.5,181.199486827,349.023121241,-1.46784626068,-1.80356961484,0.0,-0.105403088103,-0.0162427719141,1.23484043509,0.0,0.112677905229,0.0804953360269,0.0,0.0,0.0,0.097104971856
815,17.93,160.593463452,409.661905428,-1.86952312959,-2.98561219157,0.5,181.183455308,348.953491121,-1.46815876593,-1.80221230256,0.0,-0.0991847865824,-0.0208468559634,1.23567433871,0.0,0.1178735727,0.074220736419,0.0,0.0,0.0,0.0949220196603
816,17.94,160.593463452,409.661905428,-1.86952312959,-2.98561219157,0.5,181.167176886,348.883838008,-1.4684760841,-1.80085454207,0.0,-0.092958801691,-0.0254544943551,1.23647770669,0.0,0.117814826804,0.0745923649938,0.0,0.0,0.0,0.0947491770957
817,17.96,160.593463452,409.661905428,-1.86952312959,-2.98561219157,0.5,181.20881662,348.805689124,-1.46766439338,-1.79933117201,0.0,-0.0936965984314,-0.0338425006916,1.23737724977,0.0,0.170513589216,-0.0268252653164,0.0,0.0,0.0,0.0877409134554
818,17.99,160.593463452,409.661905428,-1.86952312959,-2.98561219157,0.5,181.222991704,348.729046301,-1.46738807595,-1.79783715987,0.0,-0.0902880346656,-0.0400363709976,1.23811894536,0.0,0.150188520338,0.0227456906699,0.0,0.0,0.0,0.0867354226637
819,18.03,160.593463452,409.661905428,-1.86952312959,-2.98561219157,0.5,181.241653977,348.650317108,-1.46702428895,-1.79630247774,0.0,-0.0865039492252,-0.0460476495413,1.23881889333,0.0,0.156907940369,0.015679909971,0.0,0.0,0.0,0.0862584928201
820,18.04,160.593463452,409.661905428,-1.86952312959,-2.98561219157,0.5,181.251657332,348.572434878,-1.46682929177,-1.79478430561,0.0,-0.0806312917845,-0.0508957208231,1.23938924525,0.0,0.14985345887,0.031033246226,0.0,0.0,0.0,0.0854924109133
821,18.07,160.593463452,409.661905428,-1.86952312959,-2.98561219157,0.5,181.256809592,348.495145419,-1.46672885785,-1.79327768848,0.0,-0.0727958757834,-0.0546151314124,1.2398594505,0.0,0.145687157879,0.0395396979117,0.0,0.0,0.0,0.0883407775833
822,18.1,160.593463452,409.661905428,-1.86952312959,-2.98561219157,0.5,181.295466164,348.422107378,-1.46597531845,-1.79185394499,0.0,-0.070772480087,-0.0630765936889,1.23964566669,0.0,0.159098700856,-0.0250108357803,0.0,0.0,0.0,-0.00963369163823
823,18.14,160.593463452,409.661905428,-1.86952312959,-2.98561219157,0.5,181.316650481,348.342808776,-1.4655623688,-1.79030816327,0.0,-0.0664601015153,-0.0710834165905,1.24012912019,0.0,0.159553249904,0.0111885023119,0.0,0.0,0.0,0.0772336324612
824,18.17,160.593463452,409.661905428,-1.86952312959,-2.98561219157,0.5,181.336556318,348.259455876,-1.46517434078,-1.78868335041,0.0,-0.0613100912712,-0.0792359095488,1.2408152269,0.0,0.166207498966,0.0160125159584,0.0,0.0,0.0,0.107256556606
825,18.18,160.593463452,409.661905428,-1.86952312959,-2.98561219157,0.5,181.358357539,348.174507978,-1.46474936572,-1.78702744597,0.0,-0.0558697747005,-0.0878735078675,1.24149375528,0.0,0.170337380393,0.0134086512657,0.0,0.0,0.0,0.11321663466
826,18.21,160.593463452,409.661905428,-1.86952312959,-2.98561219157,0.5,181.380674701,348.088613272,-1.46431433332,-1.78535308522,0.0,-0.0501127767291,-0.0970152265699,1.24214322311,0.0,0.172398949894,0.012942386451,0.0,0.0,0.0,0.118050295566
827,18.24,160.593463452,409.661905428,-1.86952312959,-2.98561219157,0.5,181.40284675,348.001824587,-1.46388212963,-1.783661298,0.0,-0.0439986109021,-0.106655210154,1.24275904666,0.0,0.173943858869,0.0136651112979,0.0,0.0,0.0,0.123699094744
828,18.26,160.593463452,409.661905428,-1.86952312959,-2.98561219157,0.5,181.424657756,347.914086874,-1.46345696382,-1.78195101118,0.0,-0.0375068377953,-0.116808514265,1.24333234325,0.0,0.175451023473,0.0148250848175,0.0,0.0,0.0,0.129674266296
829,18.3,160.593463452,409.661905428,-1.86952312959,-2.98561219157,0.5,181.446016077,347.825365738,-1.46304062227,-1.78022155434,0.0,-0.0306204756491,-0.12749703182,1.24385116953,0.0,0.17695994019,0.016181801867,0.0,0.0,0.0,0.135754842342
830,18.32,160.593463452,409.661905428,-1.86952312959,-2.98561219157,0.5,181.473043916,347.739934952,-1.46251376382,-1.77855623687,0.0,-0.0256385544017,-0.139584600646,1.24427757875,0.0,0.174406651229,0.00356409606403,0.0,0.0,0.0,0.108901404282
831,18.35,160.593463452,409.661905428,-1.86952312959,-2.98561219157,0.5,181.508847368,347.647385514,-1.46181584078,-1.77675215427,0.0,-0.0224236998201,-0.153208354521,1.24537191116,0.0,0.192985114952,-0.00832567120991,0.0,0.0,0.0,0.15634820844
832,18.39,160.593463452,409.661905428,-1.86952312959,-2.98561219157,0.5,181.524906351,347.556981844,-1.46150280018,-1.77498989949,0.0,-0.0164910524869,-0.165504379569,1.24609076005,0.0,0.176706710829,0.0266578450101,0.0,0.0,0.0,0.166037160492
833,18.43,160.593463452,409.661905428,-1.86952312959,-2.98561219157,0.5,181.530898237,347.467209553,-1.46138599928,-1.7732399523,0.0,-0.00837951130292,-0.176750519248,1.24645458554,0.0,0.169277296283,0.0447629454375,0.0,0.0,0.0,0.174530212752
834,18.44,160.593463452,409.661905428,-1.86952312959,-2.98561219157,0.5,181.630232912,347.47856203,-1.45944965084,-1.77346124815,0.0,-0.0217284644859,-0.173526452583,1.2447194498,0.0,0.0404374892671,-0.190605706277,0.0,0.0,0.0,-0.406483339518
835,18.46,160.593463452,409.661905428,-1.86952312959,-2.98561219157,0.5,181.726452973,347.484907711,-1.45757401613,-1.77358494564,0.0,-0.0348539130438,-0.170545962303,1.24297430819,0.0,0.048206389088,-0.181467620699,0.0,0.0,0.0,-0.399211118723
836,18.47,160.593463452,409.661905428,-1.86952312959,-2.98561219157,0.5,181.760409955,347.482355015,-1.45691208665,-1.77353518549,0.0,-0.040142528971,-0.165037844167,1.23900638195,0.0,0.0259542553967,-0.0607074718841,0.0,0.0,0.0,-0.48509500766
837,18.5,160.593463452,409.661905428,-1.86952312959,-2.98561219157,0.5,181.790954302,347.476051141,-1.45631668028,-1.77341230295,0.0,-0.0443871019661,-0.159337029497,1.23458391128,0.0,0.0309779504334,-0.0519075170394,0.0,0.0,0.0,-0.510783764179
838,18.53,160.593463452,409.661905428,-1.86952312959,-2.98561219157,0.5,181.813636758,347.469982869,-1.45587452713,-1.77329401305,0.0,-0.04673886444,-0.152703465276,1.2299038857,0.0,0.0257291854145,-0.0374132909816,0.0,0.0,0.0,-0.504538201829
839,18.56,160.593463452,409.661905428,-1.86952312959,-2.98561219157,0.5,181.829369601,347.46449843,-1.45556784403,-1.7731871039,0.0,-0.046842594724,-0.144871796887,1.22501011619,0.0,0.0203222635919,-0.0248581452925,0.0,0.0,0.0,-0.490903855433
840,18.57,160.593463452,409.661905428,-1.86952312959,-2.98561219157,0.5,181.842151677,347.459227387,-1.45531868077,-1.77308435452,0.0,-0.0448220647977,-0.135852515812,1.21997533063,0.0,0.0181427819823,-0.0194305443241,0.0,0.0,0.0,-0.47519925059
841,18.58,160.593463452,409.661905428,-1.86952312959,-2.98561219157,0.5,181.854880852,347.453895798,-1.4550705487,-1.77298042491,0.0,-0.040817521261,-0.125677590707,1.21486867928,0.0,0.0183706702372,-0.0191375792586,0.0,0.0,0.0,-0.458436693324
842,18.6,160.593463452,409.661905428,-1.86952312959,-2.98561219157,0.5,181.903813182,347.395258782,-1.4541167021,-1.77183740316,0.0,-0.0430382419856,-0.12244901656,1.21439113248,0.0,0.140385860667,-0.0494824584882,0.0,0.0,0.0,-0.0751667144114
843,18.64,160.593463452,409.661905428,-1.86952312959,-2.98561219157,0.5,181.942645196,347.326938361,-1.45335974276,-1.77050562108,0.0,-0.0453087648731,-0.120202312171,1.21463587351,0.0,0.151209127335,-0.0244993831085,0.0,0.0,0.0,-0.00297732244244
844,18.66,160.593463452,409.661905428,-1.86952312959,-2.98561219157,0.5,181.974222201,347.25759068,-1.45274420661,-1.76915381443,0.0,-0.0471204072676,-0.117970374351,1.21488345127,0.0,0.148150993208,-0.0105851520854,0.0,0.0,0.0,0.00325097643561
845,18.69,160.593463452,409.661905428,-1.86952312959,-2.98561219157,0.5,182.002964836,347.188168497,-1.45218392132,-1.76780055549,0.0,-0.0487377510736,-0.115785302342,1.21510455733,0.0,0.14636039954,-0.00538610301586,0.0,0.0,0.0,0.00326906014337
846,18.72,160.593463452,409.661905428,-1.86952312959,-2.98561219157,0.5,182.032276329,347.122641501,-1.4516125472,-1.76652322615,0.0,-0.0506437163467,-0.11385095095,1.21498532647,0.0,0.139610227628,-0.00905415240367,0.0,0.0,0.0,-0.0338185633002
847,18.74,160.593463452,409.661905428,-1.86952312959,-2.98561219157,0.5,182.060212264,347.056095269,-1.45106798706,-1.76522602863,0.0,-0.0525378931216,-0.112295487912,1.21500775484,0.0,0.140536599705,-0.0058523526315,0.0,0.0,0.0,-0.019192135833
848,18.76,160.593463452,409.661905428,-1.86952312959,-2.98561219157,0.5,182.086877541,346.989151682,-1.45054819609,-1.76392108542,0.0,-0.0542707697652,-0.11096616146,1.21505956422,0.0,0.140407861177,-0.00326542204297,0.0,0.0,0.0,-0.0141597269103
849,18.78,160.593463452,409.661905428,-1.86952312959,-2.98561219157,0.5,182.11291656,346.921821649,-1.45004061286,-1.76260860914,0.0,-0.0558423356178,-0.109844533693,1.21512895601,0.0,0.140689879277,-0.00186848258442,0.0,0.0,0.0,-0.0104118827564
850,18.81,160.593463452,409.661905428,-1.86952312959,-2.98561219157,0.5,182.138772945,346.854202097,-1.44953658978,-1.76129048923,0.0,-0.0572713355432,-0.108925774308,1.21520743804,0.0,0.141095301244,-0.00134922323717,0.0,0.0,0.0,-0.00778728400107
851,18.84,160.593463452,409.661905428,-1.86952312959,-2.98561219157,0.5,182.164637676,346.786321635,-1.44903240398,-1.75996728333,0.0,-0.0585672189906,-0.108207296837,1.21529328678,0.0,0.141578014317,-0.00119952197696,0.0,0.0,0.0,-0.005492046235
852,18.86,160.593463452,409.661905428,-1.86952312959,-2.98561219157,0.5,182.190583157,346.718178646,-1.44852664411,-1.75863895997,0.0,-0.0597343775466,-0.107687031082,1.21538668459,0.0,0.142112755026,-0.00118221732505,0.0,0.0,0.0,-0.00327048670347
853,18.91,160.593463452,409.661905428,-1.86952312959,-2.98561219157,0.5,182.216622973,346.649764282,-1.44801904536,-1.75730534662,0.0,-0.0607749748316,-0.107363396425,1.21548812229,0.0,0.142672788797,-0.00118498198393,0.0,0.0,0.0,-0.00105929129467
854,18.93,160.593463452,409.661905428,-1.86952312959,-2.98561219157,0.5,182.242742951,346.581069919,-1.44750988399,-1.75596627523,0.0,-0.0616901061138,-0.107235183971,1.21559803922,0.0,0.143238873597,-0.00115730294127,0.0,0.0,0.0,0.0011556663925
855,18.95,160.593463452,409.661905428,-1.86952312959,-2.98561219157,0.5,182.268918694,346.512088071,-1.44699963559,-1.75462159983,0.0,-0.0624803029777,-0.107301474742,1.21571682644,0.0,0.143802008925,-0.00108132386869,0.0,0.0,0.0,0.00338309319762
856,18.99,160.593463452,409.661905428,-1.86952312959,-2.98561219157,0.5,182.29512443,346.442812247,-1.44648880254,-1.7532711939,0.0,-0.0631457735238,-0.107561611205,1.21584484639,0.0,0.144359475115,-0.000955259804132,0.0,0.0,0.0,0.00563092877499
857,19.01,160.593463452,409.661905428,-1.86952312959,-2.98561219157,0.5,182.321336825,346.373236906,-1.44597783968,-1.75191494944,0.0,-0.0636865218213,-0.108015203743,1.21598242523,0.0,0.144911203256,-0.000784268541869,0.0,0.0,0.0,0.00790498120423
858,19.03,160.593463452,409.661905428,-1.86952312959,-2.98561219157,0.5,182.347536215,346.303357323,-1.44546713032,-1.75055277433,0.0,-0.0641023914129,-0.10866214605,1.21612984435,0.0,0.145459890277,-0.000581054863503,0.0,0.0,0.0,0.0102051607532
859,19.04,160.593463452,409.661905428,-1.86952312959,-2.98561219157,0.5,182.373712886,346.233169594,-1.44495686383,-1.74918459247,0.0,-0.0643931498103,-0.109502573548,1.21628725777,0.0,0.146007826922,-0.000354890493825,0.0,0.0,0.0,0.0125348258298
860,19.07,160.593463452,409.661905428,-1.86952312959,-2.98561219157,0.5,182.399856159,346.16266969,-1.44444724837,-1.74781032534,0.0,-0.0645583584462,-0.11053701008,1.21645483695,0.0,0.146555483729,-0.000106812875255,0.0,0.0,0.0,0.0149028623109
861,19.1,160.593463452,409.661905428,-1.86952312959,-2.98561219157,0.5,182.425955787,346.091853623,-1.44393848369,-1.74642989518,0.0,-0.0645973792115,-0.111766343108,1.21663272082,0.0,0.147103462521,0.000161136564346,0.0,0.0,0.0,0.017314579411
862,19.13,160.593463452,409.661905428,-1.86952312959,-2.98561219157,0.5,182.452002848,346.02071743,-1.44343074371,-1.74504322475,0.0,-0.0645093635349,-0.11319180672,1.21682099423,0.0,0.147650057413,0.000445325220598,0.0,0.0,0.0,0.0197647601663
863,19.16,160.593463452,409.661905428,-1.86952312959,-2.98561219157,0.5,182.477989933,345.949259648,-1.44292417284,-1.74365028553,0.0,-0.0642933041131,-0.114814851714,1.21701952152,0.0,0.148194414538,0.000742428221692,0.0,0.0,0.0,0.0222509402583
864,19.18,160.593463452,409.661905428,-1.86952312959,-2.98561219157,0.5,182.503910788,345.87747766,-1.44241889302,-1.7422510265,0.0,-0.0639479691871,-0.116637354829,1.21722817546,0.0,0.148741914258,0.00105214358616,0.0,0.0,0.0,0.0247937177244
865,19.21,160.593463452,409.661905428,-1.86952312959,-2.98561219157,0.5,182.529759991,345.805366576,-1.44191500993,-1.74084535237,0.0,-0.0634718494437,-0.11866166977,1.2174468878,0.0,0.149294681927,0.00137335446376,0.0,0.0,0.0,0.0274010075352
866,19.24,160.593463452,409.661905428,-1.86952312959,-2.98561219157,0.5,182.555532874,345.732921122,-1.44141261454,-1.73943316027,0.0,-0.0628631913708,-0.1208905332,1.21767552069,0.0,0.149853950588,0.0017049801571,0.0,0.0,0.0,0.030077638274
867,19.26,160.593463452,409.661905428,-1.86952312959,-2.98561219157,0.5,182.581225322,345.660135679,-1.44091178709,-1.73801434072,0.0,-0.0621199969572,-0.123327073601,1.21791385825,0.0,0.150420706684,0.00204626060407,0.0,0.0,0.0,0.0328281061432
868,19.29,160.593463452,409.661905428,-1.86952312959,-2.98561219157,0.5,182.606833566,345.587004276,-1.44041260105,-1.73658877731,0.0,-0.0612400155889,-0.125974820081,1.2181616001,0.0,0.150995829197,0.00239680903697,0.0,0.0,0.0,0.0356569987683
869,19.3,160.593463452,409.661905428,-1.86952312959,-2.98561219157,0.5,182.632354011,345.513520555,-1.4399151265,-1.73515634611,0.0,-0.0602207335675,-0.12883771201,1.21841835549,0.0,0.151580125334,0.0027565959651,0.0,0.0,0.0,0.0385691852186
870,19.32,160.593463452,409.661905428,-1.86952312959,-2.98561219157,0.5,182.657783089,345.439677736,-1.43941943296,-1.73371691492,0.0,-0.0590593633,-0.131920109266,1.21868363677,0.0,0.152174386634,0.00312592150846,0.0,0.0,0.0,0.0415698479674
871,19.33,160.593463452,409.661905428,-1.86952312959,-2.98561219157,0.5,182.670517759,345.3668765,-1.43917119378,-1.73229778753,0.0,-0.0554334392632,-0.133715651466,1.21871784083,0.0,0.141738061016,0.0256702811968,0.0,0.0,0.0,0.051446701809
872,19.36,160.593463452,409.661905428,-1.86952312959,-2.98561219157,0.5,182.677275389,345.294236409,-1.43903946611,-1.73088180135,0.0,-0.0496845852501,-0.134393967251,1.21854651912,0.0,0.137406279578,0.036530656926,0.0,0.0,0.0,0.0597133238794
873,19.38,160.593463452,409.661905428,-1.86952312959,-2.98561219157,0.5,182.680657321,345.22141153,-1.43897354151,-1.72946221307,0.0,-0.0418036220554,-0.133941323547,1.2181822737,0.0,0.135436720722,0.0428953887104,0.0,0.0,0.0,0.0690070684067
874,19.42,160.593463452,409.661905428,-1.86952312959,-2.98561219157,0.5,182.728808934,345.134277872,-1.43803491357,-1.7277637012,0.0,-0.0403843292561,-0.139579228193,1.21897259338,0.0,0.191779452803,-0.0295465228384,0.0,0.0,0.0,0.0984574308137
875,19.44,160.593463452,409.661905428,-1.86952312959,-2.98561219157,0.5,182.762647166,345.073118762,-1.43737529891,-1.72657151582,0.0,-0.0405617810759,-0.14113118716,1.21898724194,0.0,0.134587242673,-0.0208558612414,0.0,0.0,0.0,-0.00116758259749
876,19.48,160.593463452,409.661905428,-1.86952312959,-2.98561219157,0.5,182.792777012,345.015924469,-1.43678797247,-1.72545661732,0.0,-0.0414465698338,-0.140688323197,1.21869028555,0.0,0.124864880096,-0.0166803493961,0.0,0.0,0.0,-0.042199194685
877,19.51,160.593463452,409.661905428,-1.86952312959,-2.98561219157,0.5,182.821937052,344.958884811,-1.43621955064,-1.72434473316,0.0,-0.0423823268202,-0.138334542462,1.21832006206,0.0,0.123936258802,-0.0149511829648,0.0,0.0,0.0,-0.0500817290439
878,19.55,160.593463452,409.661905428,-1.86952312959,-2.98561219157,0.5,182.854876532,344.890263825,-1.43557745551,-1.72300709211,0.0,-0.0441443243409,-0.138338913104,1.21826264028,0.0,0.1476975913,-0.0140894188204,0.0,0.0,0.0,-0.0301358189971
879,19.57,160.593463452,409.661905428,-1.86952312959,-2.98561219157,0.5,182.881925491,344.820743713,-1.43505018537,-1.72165192424,0.0,-0.044923847482,-0.138501788516,1.21822982982,0.0,0.145375031932,-0.00268061834572,0.0,0.0,0.0,-0.0140695785168
880,19.59,160.593463452,409.661905428,-1.86952312959,-2.98561219157,0.5,182.908819733,344.750064478,-1.43452593113,-1.72027416137,0.0,-0.0453110270161,-0.139194439152,1.21822941235,0.0,0.147391383356,-0.00161947209621,0.0,0.0,0.0,-0.0054389402755
881,19.59,160.593463452,409.661905428,-1.86952312959,-2.98561219157,0.5,182.935571809,344.678457494,-1.43400444817,-1.71887831372,0.0,-0.0453309214938,-0.140442002224,1.21826683985,0.0,0.14899154299,-0.000740238067334,0.0,0.0,0.0,0.00342534258799
882,19.62,160.593463452,409.661905428,-1.86952312959,-2.98561219157,0.5,182.96356741,344.613337271,-1.43345872494,-1.71760891366,0.0,-0.0464885821468,-0.140292753419,1.21835144279,0.0,0.137957675877,-0.00738959037713,0.0,0.0,0.0,-0.00776671897561
883,19.64,160.593463452,409.661905428,-1.86952312959,-2.98561219157,0.5,183.013448366,344.531406723,-1.43248638663,-1.71601182695,0.0,-0.0555182777354,-0.145956651734,1.22035219688,0.0,0.18339650869,-0.0363593858846,0.0,0.0,0.0,0.0713581506566
884,19.67,160.593463452,409.661905428,-1.86952312959,-2.98561219157,0.5,183.033752743,344.45199546,-1.4320905898,-1.71446384913,0.0,-0.0611192230368,-0.149930181008,1.2219326406,0.0,0.158995163234,0.0158126927029,0.0,0.0,0.0,0.0754927556473
885,19.69,160.593463452,409.661905428,-1.86952312959,-2.98561219157,0.5,183.042977306,344.373065284,-1.43191077377,-1.71292524921,0.0,-0.0646760655995,-0.152878249826,1.22328303575,0.0,0.150782990863,0.0355543513734,0.0,0.0,0.0,0.0814008114291
886,19.71,160.593463452,409.661905428,-1.86952312959,-2.98561219157,0.5,183.043973439,344.294552628,-1.43189135597,-1.71139478806,0.0,-0.0660061951676,-0.154668154855,1.22440246347,0.0,0.14460529771,0.0501795872025,0.0,0.0,0.0,0.091579901242
887,19.76,160.593463452,409.661905428,-1.86952312959,-2.98561219157,0.5,183.040670079,344.216072647,-1.43195574894,-1.70986496388,0.0,-0.0651388792867,-0.155293703643,1.22530293769,0.0,0.141737064597,0.0579046865663,0.0,0.0,0.0,0.103447493594
888,19.79,160.593463452,409.661905428,-1.86952312959,-2.98561219157,0.5,183.036639969,344.137218157,-1.4320343086,-1.70832783932,0.0,-0.062191707796,-0.154803383139,1.22600525927,0.0,0.141962007237,0.0593838798958,0.0,0.0,0.0,0.115757742119
889,19.81,160.593463452,409.661905428,-1.86952312959,-2.98561219157,0.5,183.034192967,344.057691932,-1.43208200845,-1.7067776205,0.0,-0.0572516144395,-0.153237506184,1.2265268532,0.0,0.144234948687,0.0568517844478,0.0,0.0,0.0,0.127960067279
890,19.82,160.593463452,409.661905428,-1.86952312959,-2.98561219157,0.5,183.034505643,343.977300409,-1.43207591338,-1.7052105343,0.0,-0.0503652913479,-0.15062207616,1.22688100785,0.0,0.147617711532,0.0523138935221,0.0,0.0,0.0,0.139651319537
891,19.84,160.593463452,409.661905428,-1.86952312959,-2.98561219157,0.5,183.081650637,343.905916442,-1.43115690767,-1.70381903396,0.0,-0.0527190728192,-0.153445834837,1.22733638252,0.0,0.16203891797,-0.0401522835516,0.0,0.0,0.0,0.00915163963596
892,19.88,160.593463452,409.661905428,-1.86952312959,-2.98561219157,0.5,183.111501018,343.837388072,-1.43057502888,-1.70248319829,0.0,-0.0532226467488,-0.155490242109,1.22764417716,0.0,0.145354796998,-0.00983384550786,0.0,0.0,0.0,0.0230082770155
893,19.9,160.593463452,409.661905428,-1.86952312959,-2.98561219157,0.5,183.138088908,343.766639811,-1.43005674642,-1.70110408989,0.0,-0.0528747083273,-0.157417840122,1.22801240539,0.0,0.147289338737,-0.00244201483804,0.0,0.0,0.0,0.0422265019982
894,19.92,160.593463452,409.661905428,-1.86952312959,-2.98561219157,0.5,183.165178321,343.694625723,-1.42952868771,-1.69970030649,0.0,-0.0523033494956,-0.159588034889,1.22840185399,0.0,0.149935150586,-0.00259082506881,0.0,0.0,0.0,0.0479327192563
895,19.92,160.593463452,409.661905428,-1.86952312959,-2.98561219157,0.5,183.209691603,343.653011963,-1.4286609824,-1.69888912209,0.0,-0.0555906369012,-0.157041306353,1.22771287719,0.0,0.105491526116,-0.0544311651014,0.0,0.0,0.0,-0.120830643587
896,19.94,160.593463452,409.661905428,-1.86952312959,-2.98561219157,0.5,183.243409863,343.603734603,-1.42800370636,-1.69792854977,0.0,-0.0567491978968,-0.153657889349,1.22665385971,0.0,0.11256768503,-0.0294144186559,0.0,0.0,0.0,-0.123785190835
897,19.97,160.593463452,409.661905428,-1.86952312959,-2.98561219157,0.5,183.280015847,343.540513714,-1.42729013943,-1.69669617376,0.0,-0.0591364610432,-0.152355127906,1.22649910173,0.0,0.140058130454,-0.0255628285632,0.0,0.0,0.0,-0.0519223968525
